Label;ID;TRACK_ID;QUALITY;POSITION_X;POSITION_Y;POSITION_Z;POSITION_T;FRAME;RADIUS;VISIBILITY;MEAN_INTENSITY01;MEAN_INTENSITY02;MEAN_INTENSITY03;MEAN_INTENSITY04;MEAN_INTENSITY05;MEAN_INTENSITY06;MEAN_INTENSITY07;MEAN_INTENSITY08;MEAN_INTENSITY09;MEAN_INTENSITY10;MANUAL_COLOR;MEAN_INTENSITY;MEDIAN_INTENSITY;MIN_INTENSITY;MAX_INTENSITY;TOTAL_INTENSITY;STANDARD_DEVIATION;ESTIMATED_DIAMETER;CONTRAST;SNR
ID2570978;2570978;193;27,131;313,3;603,2;0;0;0;7;1;445,528;13,002;1403,308;7,123;None;None;None;None;None;None;-10921639;1403,308;1471;416;1925;579566;359,572;11,205;0,385;2,168
ID2571872;2571872;193;26,934;313,3;603,85;0;600;1;7;1;446,738;13,988;1407,305;7,082;None;None;None;None;None;None;-10921639;1407,305;1478;416;1934;581217;357,656;11,21;0,385;2,186
ID2571274;2571274;193;26,218;313,95;603,2;0;1200;2;7;1;460,235;12,78;1425,247;7,291;None;None;None;None;None;None;-10921639;1425,247;1509;346;1945;588627;355,017;11,215;0,366;2,151
ID2570685;2570685;193;25,492;314,6;604,5;0;1800;3;7;1;444,6;13,705;1400,78;7,31;None;None;None;None;None;None;-10921639;1400,78;1507;438;1893;578522;352,298;11,196;0,348;2,054
ID2572473;2572473;193;24,86;313,95;602,55;0;2400;4;7;1;446,639;13,755;1407,114;7,959;None;None;None;None;None;None;-10921639;1407,114;1513;470;1905;581138;338,167;11,221;0,351;2,16
ID2571577;2571577;193;24,245;313,95;603,2;0;3000;5;7;1;447,69;14,012;1415,424;6,668;None;None;None;None;None;None;-10921639;1415,424;1507;537;1910;584570;322,555;11,225;0,336;2,206
ID2572175;2572175;193;23,87;314,6;603,2;0;3600;6;7;1;438,085;12,552;1382,358;6,983;None;None;None;None;None;None;-10921639;1382,358;1460;373;1962;570914;370,596;11,166;0,31;1,764
ID2572776;2572776;193;23,699;315,25;604,5;0;4200;7;7;1;440,22;12,91;1392,351;7,852;None;None;None;None;None;None;-10921639;1392,351;1465;449;1985;575041;342,15;11,204;0,316;1,956
ID2573386;2573386;193;26,138;316,55;604,5;0;4800;8;7;1;435,286;12,484;1378,898;7,516;None;None;None;None;None;None;-10921639;1378,898;1470;339;1944;569485;367,913;11,184;0,355;1,964
ID2573085;2573085;193;25,915;317,2;605,15;0;5400;9;7;1;431,404;13,341;1372,995;6,334;None;None;None;None;None;None;-10921639;1372,995;1467;325;1883;567047;364,208;11,192;0,364;2,012
ID2573692;2573692;193;25,905;317,2;605,15;0;6000;10;7;1;423,516;13,145;1357,085;7,114;None;None;None;None;None;None;-10921639;1357,085;1478;302;1845;560476;381,467;11,171;0,37;1,923
ID2573990;2573990;193;25,467;317,85;605,8;0;6600;11;7;1;428,978;13,087;1372,23;7,077;None;None;None;None;None;None;-10921639;1372,23;1494;268;1762;566731;355,812;11,219;0,374;2,101
ID2574290;2574290;193;25,009;317,85;605,15;0;7200;12;7;1;416,47;14,065;1335,172;6,654;None;None;None;None;None;None;-10921639;1335,172;1460;250;1793;551426;403,925;11,151;0,356;1,737
ID2574894;2574894;193;24,957;317,85;604,5;0;7800;13;7;1;418,252;13,622;1345,525;7,508;None;None;None;None;None;None;-10921639;1345,525;1450;277;1775;555702;381,639;11,159;0,353;1,842
ID2574590;2574590;193;25,279;317,2;604,5;0;8400;14;7;1;410,908;14,918;1334,872;6,954;None;None;None;None;None;None;-10921639;1334,872;1448;302;1779;551302;390,242;11,146;0,359;1,808
ID2575196;2575196;193;24,096;317,2;605,15;0;9000;15;7;1;421,424;12,489;1359,973;7,702;None;None;None;None;None;None;-10921639;1359,973;1462;346;1808;561669;362,803;11,181;0,334;1,879
ID2575500;2575500;193;23,042;317,2;604,5;0;9600;16;7;1;414,274;12,341;1338,789;7,368;None;None;None;None;None;None;-10921639;1338,789;1447;268;1830;552920;397,001;11,105;0,302;1,563
ID2576738;2576738;193;22,976;317,2;605,15;0;10200;17;7;1;424,38;13,492;1365,492;7,14;None;None;None;None;None;None;-10921639;1365,492;1447;339;1829;563948;371,084;11,112;0,293;1,667
ID2575810;2575810;193;23,307;317,85;604,5;0;10800;18;7;1;407,305;14,09;1322,286;7,048;None;None;None;None;None;None;-10921639;1322,286;1432;219;1825;546104;419,625;11,058;0,307;1,479
ID2577044;2577044;193;22,868;317,85;605,15;0;11400;19;7;1;418,964;12,126;1349,041;6,489;None;None;None;None;None;None;-10921639;1349,041;1442;259;1774;557154;376,778;11,119;0,304;1,67
ID2576123;2576123;193;21,606;318,5;605,15;0;12000;20;7;1;420,69;11,92;1354,845;7,245;None;None;None;None;None;None;-10921639;1354,845;1452;268;1767;559551;369,497;11,115;0,276;1,584
ID2576431;2576431;193;20,398;318,5;605,8;0;12600;21;7;1;427,835;13,785;1383,225;7,782;None;None;None;None;None;None;-10921639;1383,225;1471;449;1738;571272;319,572;11,152;0,26;1,788
ID2577671;2577671;193;21,711;317,85;607,1;0;13200;22;7;1;413,596;13,174;1358,855;7,501;None;None;None;None;None;None;-10921639;1358,855;1448;353;1770;561207;308,261;11,256;0,315;2,113
ID2577360;2577360;193;22,4;317,85;607,1;0;13800;23;7;1;417,559;11,593;1364,271;6,3;None;None;None;None;None;None;-10921639;1364,271;1433;380;1781;563444;289,037;11,301;0,345;2,42
ID2578297;2578297;193;22,005;317,85;607,1;0;14400;24;7;1;415,765;10,76;1368,274;7,741;None;None;None;None;None;None;-10921639;1368,274;1428;460;1760;565097;274,06;11,29;0,335;2,504
ID2578931;2578931;193;20,661;317,85;605,8;0;15000;25;7;1;414,184;13,128;1368,513;6,799;None;None;None;None;None;None;-10921639;1368,513;1408;386;1805;565196;273,219;11,319;0,315;2,397
ID2579247;2579247;193;21,229;317,85;605,8;0;15600;26;7;1;403,709;12,823;1344,985;7,024;None;None;None;None;None;None;-10921639;1344,985;1391;339;1790;555479;285,005;11,307;0,33;2,34
ID2580197;2580197;193;21,305;317,85;605,8;0;16200;27;7;1;416,768;11,959;1366,569;6,785;None;None;None;None;None;None;-10921639;1366,569;1420;398;1778;564393;278,047;11,325;0,331;2,446
ID2577987;2577987;193;21,588;317,85;604,5;0;16800;28;7;1;417,763;11,329;1361,232;7,736;None;None;None;None;None;None;-10921639;1361,232;1458;339;1790;562189;317,613;11,277;0,325;2,103
ID2579880;2579880;193;22,001;319,8;603,2;0;17400;29;7;1;415,136;11,424;1341,264;7,659;None;None;None;None;None;None;-10921639;1341,264;1473;219;1759;553942;368,77;11,227;0,324;1,782
ID2578615;2578615;193;21,77;319,8;603,2;0;18000;30;7;1;423,726;12,494;1371,259;7,031;None;None;None;None;None;None;-10921639;1371,259;1455;325;1800;566330;324,344;11,241;0,311;2,004
ID2579568;2579568;193;21,412;321,1;603,85;0;18600;31;7;1;415,644;12,584;1353,84;6,24;None;None;None;None;None;None;-10921639;1353,84;1442;294;1755;559136;343,395;11,221;0,307;1,853
ID2582101;2582101;193;21,459;321,75;603,85;0;19200;32;7;1;417,557;13,329;1360,99;6,395;None;None;None;None;None;None;-10921639;1360,99;1465;294;1766;562089;332,871;11,261;0,317;1,968
ID2581462;2581462;193;22,172;322,4;603,2;0;19800;33;7;1;403,356;11,971;1311,886;6,78;None;None;None;None;None;None;-10921639;1311,886;1435;196;1882;541809;409,505;11,182;0,323;1,564
ID2580511;2580511;193;21,916;323,7;603,2;0;20400;34;7;1;413,637;11,714;1337,961;6,738;None;None;None;None;None;None;-10921639;1337,961;1435;230;1945;552578;385,373;11,152;0,299;1,596
ID2581143;2581143;193;22,689;325,65;602,55;0;21000;35;7;1;414,303;12,392;1337,346;7,487;None;None;None;None;None;None;-10921639;1337,346;1425;286;1960;552324;390,394;11,145;0,311;1,624
ID2582728;2582728;193;24,231;327,6;603,2;0;21600;36;7;1;406,571;11,477;1313,165;7,412;None;None;None;None;None;None;-10921639;1313,165;1416;240;1991;542337;427,735;11,102;0,336;1,546
ID2581782;2581782;193;24,744;328,25;602,55;0;22200;37;7;1;423,84;12,571;1347,76;7,591;None;None;None;None;None;None;-10921639;1347,76;1423;277;2066;556625;405,974;11,132;0,337;1,673
ID2580824;2580824;193;24,855;328,9;603,2;0;22800;38;7;1;424,654;13,005;1349,55;7,022;None;None;None;None;None;None;-10921639;1349,55;1415;259;2039;557364;418,265;11,124;0,334;1,617
ID2582412;2582412;193;25,61;330,2;603,2;0;23400;39;7;1;441,642;12,23;1375,375;7,262;None;None;None;None;None;None;-10921639;1375,375;1458;302;2051;568030;429,026;11,105;0,333;1,603
ID2583036;2583036;193;25,98;330,2;603,85;0;24000;40;7;1;449,232;13,525;1396,692;7,547;None;None;None;None;None;None;-10921639;1396,692;1452;317;2042;576834;397,609;11,148;0,345;1,802
ID2583987;2583987;193;25,68;330,2;603,85;0;24600;41;7;1;453,593;12,276;1408,857;7,329;None;None;None;None;None;None;-10921639;1408,857;1470;294;2030;581858;382,05;11,162;0,34;1,871
ID2583671;2583671;193;26,601;330,2;603,2;0;25200;42;7;1;457,891;10,782;1414,84;7,298;None;None;None;None;None;None;-10921639;1414,84;1480;339;2046;584329;369,001;11,189;0,362;2,038
ID2583353;2583353;193;25,324;330,85;603,85;0;25800;43;7;1;447,254;12,329;1398,697;6,76;None;None;None;None;None;None;-10921639;1398,697;1478;392;2009;577662;383,277;11,137;0,332;1,818
ID2584612;2584612;193;24,629;330,85;602,55;0;26400;44;7;1;447,475;11,654;1384,843;7,039;None;None;None;None;None;None;-10921639;1384,843;1481;286;2002;571940;418,976;11,109;0,316;1,588
ID2584299;2584299;193;25,197;330,2;601,9;0;27000;45;7;1;454,327;12,709;1407,041;6,702;None;None;None;None;None;None;-10921639;1407,041;1512;240;2020;581108;394,461;11,167;0,332;1,78
ID2585242;2585242;193;24,847;330,2;601,9;0;27600;46;7;1;454,785;10,806;1397,346;6,705;None;None;None;None;None;None;-10921639;1397,346;1493;208;2008;577104;417,528;11,134;0,318;1,614
ID2584927;2584927;193;25,043;330,2;602,55;0;28200;47;7;1;458,506;12,073;1413,249;7,269;None;None;None;None;None;None;-10921639;1413,249;1505;373;2013;583672;391,697;11,14;0,312;1,717
ID2585566;2585566;193;25,494;330,2;603,2;0;28800;48;7;1;450,731;10,496;1402,615;7,835;None;None;None;None;None;None;-10921639;1402,615;1520;310;1963;579280;379,859;11,204;0,35;1,916
ID2587185;2587185;193;25,52;329,55;603,2;0;29400;49;7;1;463,649;14,196;1438,499;7,116;None;None;None;None;None;None;-10921639;1438,499;1518;380;1936;594100;339,533;11,28;0,368;2,281
ID2585891;2585891;193;27,118;329,55;603,85;0;30000;50;7;1;476,847;11,206;1454,09;6,814;None;None;None;None;None;None;-10921639;1454,09;1539;404;1982;600539;344,004;11,27;0,386;2,354
ID2586213;2586213;193;27,379;330,2;603,85;0;30600;51;7;1;466,295;13,138;1437,673;7,07;None;None;None;None;None;None;-10921639;1437,673;1520;433;1946;593759;349,572;11,275;0,4;2,35
ID2587508;2587508;193;27,892;330,2;603,85;0;31200;52;7;1;466,63;10,63;1437,225;7,254;None;None;None;None;None;None;-10921639;1437,225;1501;422;1961;593574;341,963;11,28;0,418;2,478
ID2586859;2586859;193;29,195;330,85;603,85;0;31800;53;7;1;462,419;11,45;1422,47;7,872;None;None;None;None;None;None;-10921639;1422,47;1501;386;1983;587480;372,621;11,255;0,446;2,355
ID2586534;2586534;193;29,799;331,5;603,85;0;32400;54;7;1;470,68;12,407;1445,508;7,576;None;None;None;None;None;None;-10921639;1445,508;1520;422;1934;596995;350,832;11,266;0,462;2,606
ID2587830;2587830;193;29,246;332,15;603,85;0;33000;55;7;1;464,312;11,465;1427,167;6,518;None;None;None;None;None;None;-10921639;1427,167;1543;386;1914;589420;376,582;11,235;0,444;2,332
ID2588159;2588159;193;30,686;332,15;604,5;0;33600;56;7;1;476,935;13,315;1454,3;6,738;None;None;None;None;None;None;-10921639;1454,3;1559;480;1927;600626;346,127;11,273;0,479;2,72
ID2588490;2588490;193;30,89;332,8;605,15;0;34200;57;7;1;475,738;13,368;1451,005;7,714;None;None;None;None;None;None;-10921639;1451,005;1591;422;1906;599265;367,434;11,271;0,487;2,588
ID2588824;2588824;193;29,932;332,8;607,1;0;34800;58;7;1;467,462;11,7;1433,37;6,797;None;None;None;None;None;None;-10921639;1433,37;1570;339;1895;591982;365,132;11,269;0,472;2,516
ID2589150;2589150;193;29,1;332,15;607,1;0;35400;59;7;1;463;11,867;1429,576;6,751;None;None;None;None;None;None;-10921639;1429,576;1560;449;1876;590415;347,377;11,279;0,455;2,576
ID2589477;2589477;193;28,756;331,5;607,1;0;36000;60;7;1;474,649;12,104;1457,291;6,31;None;None;None;None;None;None;-10921639;1457,291;1573;470;1863;601861;322,974;11,288;0,433;2,729
ID2589806;2589806;193;28,272;331,5;608,4;0;36600;61;7;1;469,252;12,576;1446,576;6,504;None;None;None;None;None;None;-10921639;1446,576;1551;392;1891;597436;333,747;11,28;0,422;2,573
ID2590129;2590129;193;28,53;330,85;607,75;0;37200;62;7;1;468,908;12,065;1442,308;7,007;None;None;None;None;None;None;-10921639;1442,308;1551;422;1917;595673;343,995;11,271;0,429;2,516
ID2590450;2590450;193;29,033;330,85;607,75;0;37800;63;7;1;479,484;12,77;1457,438;7,048;None;None;None;None;None;None;-10921639;1457,438;1571;398;1945;601922;359,338;11,266;0,431;2,442
ID2590770;2590770;193;28,79;330,2;607,1;0;38400;64;7;1;468,375;11,513;1434,683;7,368;None;None;None;None;None;None;-10921639;1434,683;1573;367;1917;592524;368,269;11,252;0,437;2,368
ID2591095;2591095;193;29,355;330,2;607,1;0;39000;65;7;1;479,45;12,632;1460,387;7,155;None;None;None;None;None;None;-10921639;1460,387;1563;465;1905;603140;344,261;11,267;0,442;2,599
ID2591416;2591416;193;29,625;329,55;607,75;0;39600;66;7;1;486,409;11,254;1464,646;7,446;None;None;None;None;None;None;-10921639;1464,646;1576;367;1973;604899;360,891;11,245;0,44;2,479
ID2593012;2593012;193;29,72;330,2;607,1;0;40200;67;7;1;493,099;12,111;1472,615;7,237;None;None;None;None;None;None;-10921639;1472,615;1586;392;1991;608190;364,713;11,242;0,431;2,431
ID2592062;2592062;193;30,193;330,2;606,45;0;40800;68;7;1;485,378;12,867;1456,298;6,571;None;None;None;None;None;None;-10921639;1456,298;1576;367;2040;601451;402,903;11,22;0,437;2,197
ID2591741;2591741;193;30,436;329,55;605,8;0;41400;69;7;1;491,126;12,114;1462,356;7,562;None;None;None;None;None;None;-10921639;1462,356;1574;346;2038;603953;413,726;11,211;0,437;2,15
ID2592383;2592383;193;29,836;328,9;605,15;0;42000;70;7;1;491,455;13,269;1460,947;8,039;None;None;None;None;None;None;-10921639;1460,947;1583;268;2037;603371;429,943;11,169;0,415;1,992
ID2592696;2592696;193;29,81;328,9;603,85;0;42600;71;7;1;496,373;12,831;1467,492;7,489;None;None;None;None;None;None;-10921639;1467,492;1577;339;2061;606074;426,787;11,167;0,408;1,991
ID2593650;2593650;193;30,562;329,55;601,9;0;43200;72;7;1;493,881;12,232;1459,385;7,412;None;None;None;None;None;None;-10921639;1459,385;1559;286;2085;602726;429,523;11,163;0,424;2,023
ID2593331;2593331;193;31,662;330,2;600,6;0;43800;73;7;1;501,932;10,818;1480,743;6,748;None;None;None;None;None;None;-10921639;1480,743;1543;404;2146;611547;401,543;11,218;0,453;2,299
ID2595580;2595580;193;32,631;329,55;599,3;0;44400;74;7;1;499,559;13,123;1471,453;7,264;None;None;None;None;None;None;-10921639;1471,453;1537;294;2164;607710;436,424;11,176;0,467;2,145
ID2594287;2594287;193;32,825;330,2;599,3;0;45000;75;7;1;512,01;13,322;1490,978;7,024;None;None;None;None;None;None;-10921639;1490,978;1563;317;2166;615774;429,369;11,18;0,462;2,193
ID2594610;2594610;193;32,489;330,85;599,3;0;45600;76;7;1;507,809;13,492;1486,591;6,772;None;None;None;None;None;None;-10921639;1486,591;1528;422;2208;613962;431,478;11,169;0,449;2,137
ID2593965;2593965;193;32,914;330,85;599,3;0;46200;77;7;1;509,433;12,099;1476,017;7,4;None;None;None;None;None;None;-10921639;1476,017;1536;250;2191;609595;471,429;11,122;0,448;1,937
ID2594927;2594927;193;32,171;331,5;599,3;0;46800;78;7;1;510,588;13,075;1493,855;7,07;None;None;None;None;None;None;-10921639;1493,855;1568;332;2152;616962;427,976;11,171;0,442;2,141
ID2595250;2595250;193;32,374;332,15;599,3;0;47400;79;7;1;521,499;13,058;1506,058;6,944;None;None;None;None;None;None;-10921639;1506,058;1567;410;2187;622002;422,202;11,189;0,442;2,188
ID2595897;2595897;193;32,995;332,8;599,3;0;48000;80;7;1;513,438;11,109;1479,615;7,208;None;None;None;None;None;None;-10921639;1479,615;1574;240;2203;611081;471,379;11,14;0,455;1,963
ID2596211;2596211;193;33,237;332,15;598,65;0;48600;81;7;1;519,257;13,535;1491,966;7,53;None;None;None;None;None;None;-10921639;1491,966;1574;268;2221;616182;468,982;11,143;0,45;1,976
ID2596527;2596527;193;33,38;332,8;599,3;0;49200;82;7;1;527,077;11,421;1509,01;8,286;None;None;None;None;None;None;-10921639;1509,01;1588;367;2218;623221;450,068;11,167;0,451;2,084
ID2596839;2596839;193;34,958;332,8;598,65;0;49800;83;7;1;538,102;11,93;1517,114;7,874;None;None;None;None;None;None;-10921639;1517,114;1594;310;2258;626568;474,752;11,17;0,484;2,083
ID2597479;2597479;193;35,052;333,45;598,65;0;50400;84;7;1;519,087;12,828;1506,111;7,683;None;None;None;None;None;None;-10921639;1506,111;1582;444;2168;622024;419,996;11,226;0,524;2,466
ID2597804;2597804;193;35,306;334,1;598;0;51000;85;7;1;531,458;12,646;1525,424;6,659;None;None;None;None;None;None;-10921639;1525,424;1577;438;2185;630000;416,474;11,24;0,524;2,519
ID2597162;2597162;193;34,956;334,1;598;0;51600;86;7;1;533,419;13,044;1531,617;6,893;None;None;None;None;None;None;-10921639;1531,617;1589;505;2196;632558;423,863;11,221;0,511;2,445
ID2598127;2598127;193;34,586;334,75;598;0;52200;87;7;1;540,695;13,838;1545,436;7,225;None;None;None;None;None;None;-10921639;1545,436;1597;576;2189;638265;409,117;11,233;0,505;2,534
ID2598454;2598454;193;35,58;335,4;597,35;0;52800;88;7;1;557,649;12,162;1563,678;7,62;None;None;None;None;None;None;-10921639;1563,678;1630;485;2215;645799;425,03;11,223;0,517;2,508
ID2599423;2599423;193;36,365;335,4;596,7;0;53400;89;7;1;566,608;11,642;1580,617;7,574;None;None;None;None;None;None;-10921639;1580,617;1663;541;2194;652795;414,674;11,252;0,543;2,683
ID2598775;2598775;193;35,739;336,05;595,4;0;54000;90;7;1;569,271;12,736;1577,051;6,903;None;None;None;None;None;None;-10921639;1577,051;1669;346;2280;651322;457,678;11,205;0,508;2,322
ID2599098;2599098;193;35,173;336,05;595,4;0;54600;91;7;1;571,898;12,92;1592,516;7,47;None;None;None;None;None;None;-10921639;1592,516;1672;523;2208;657709;393,823;11,28;0,515;2,751
ID2600395;2600395;193;34,551;336,05;594,1;0;55200;92;7;1;580,45;12,402;1612,821;8,16;None;None;None;None;None;None;-10921639;1612,821;1696;576;2155;666095;360,25;11,321;0,513;3,038
ID2599745;2599745;193;34,202;336,7;592,8;0;55800;93;7;1;576,956;14,661;1607,385;5,971;None;None;None;None;None;None;-10921639;1607,385;1709;485;2173;663850;384,248;11,266;0,484;2,729
ID2600067;2600067;193;34,286;336,7;592,8;0;56400;94;7;1;578,857;11,378;1606,818;6,603;None;None;None;None;None;None;-10921639;1606,818;1705;500;2154;663616;369,24;11,286;0,498;2,893
ID2600718;2600718;193;33,892;337,35;592,8;0;57000;95;7;1;579,397;12,3;1605,082;6,969;None;None;None;None;None;None;-10921639;1605,082;1709;485;2198;662899;398,222;11,248;0,475;2,594
ID2601044;2601044;193;33,933;336,7;593,45;0;57600;96;7;1;603,312;12,944;1647,005;6,92;None;None;None;None;None;None;-10921639;1647,005;1740;612;2216;680213;359,109;11,318;0,478;2,967
ID2601366;2601366;193;33,787;337,35;592,8;0;58200;97;7;1;583,264;13,538;1620,639;8,155;None;None;None;None;None;None;-10921639;1620,639;1716;724;2137;669324;361,108;11,288;0,478;2,905
ID2601688;2601688;193;34,401;338;592,15;0;58800;98;7;1;581,005;11,685;1607,886;7,053;None;None;None;None;None;None;-10921639;1607,886;1715;465;2156;664057;396,107;11,255;0,487;2,66
ID2602327;2602327;193;33,781;337,35;591,5;0;59400;99;7;1;572,7;12,027;1596,361;7,893;None;None;None;None;None;None;-10921639;1596,361;1713;528;2142;659297;400,203;11,246;0,478;2,579
ID2602012;2602012;193;33,719;337,35;590,85;0;60000;100;7;1;569,596;12,908;1590,6;7,283;None;None;None;None;None;None;-10921639;1590,6;1715;532;2172;656918;395,178;11,266;0,485;2,629
ID2603110;2603110;193;33,692;336,7;590,2;0;60600;101;7;1;579,455;11,533;1595,826;7,666;None;None;None;None;None;None;-10921639;1595,826;1738;444;2198;659076;437,607;11,225;0,464;2,312
ID2602653;2602653;193;33,792;337,35;590,85;0;61200;102;7;1;584,54;13,191;1607,375;7,303;None;None;None;None;None;None;-10921639;1607,375;1744;339;2193;663846;423,44;11,255;0,469;2,424
ID2603308;2603308;193;34,22;338,65;590,85;0;61800;103;7;1;583,879;13,518;1599,542;7,138;None;None;None;None;None;None;-10921639;1599,542;1733;310;2200;660611;449,961;11,203;0,467;2,265
ID2603957;2603957;193;34,574;338,65;590,85;0;62400;104;7;1;595,31;12,906;1619,877;6,593;None;None;None;None;None;None;-10921639;1619,877;1755;268;2208;669009;438,415;11,236;0,479;2,392
ID2603631;2603631;193;33,779;338;590,2;0;63000;105;7;1;590,755;11,804;1617,651;7,508;None;None;None;None;None;None;-10921639;1617,651;1759;367;2129;668090;407,757;11,263;0,473;2,546
ID2604275;2604275;193;34,408;338;588,25;0;63600;106;7;1;600,508;14,351;1633,324;7,225;None;None;None;None;None;None;-10921639;1633,324;1760;455;2173;674563;408,02;11,281;0,477;2,585
ID2604924;2604924;193;33,651;338;588,25;0;64200;107;7;1;619,341;13,368;1657,695;8,034;None;None;None;None;None;None;-10921639;1657,695;1788;302;2224;684628;403,783;11,29;0,456;2,573
ID2604829;2604829;193;32,213;338;587,6;0;64800;108;7;1;607,075;12,349;1645,511;6,881;None;None;None;None;None;None;-10921639;1645,511;1759;485;2212;679596;378,525;11,269;0,423;2,586
ID2605250;2605250;193;31,492;338;586,95;0;65400;109;7;1;601,429;11,199;1634,843;7,758;None;None;None;None;None;None;-10921639;1634,843;1754;495;2197;675190;393,157;11,288;0,419;2,457
ID2605913;2605913;193;31,892;338,65;586,95;0;66000;110;7;1;597,622;12,305;1633,913;7,487;None;None;None;None;None;None;-10921639;1633,913;1747;427;2147;674806;375,851;11,293;0,431;2,618
ID2605581;2605581;193;32,344;338,65;586,95;0;66600;111;7;1;607,148;12,034;1644,019;7,211;None;None;None;None;None;None;-10921639;1644,019;1763;532;2165;678980;379,001;11,281;0,433;2,621
ID2606246;2606246;193;31,17;338,65;587,6;0;67200;112;7;1;596,206;12,755;1632,877;6,782;None;None;None;None;None;None;-10921639;1632,877;1766;325;2129;674378;380,232;11,295;0,425;2,56
ID2607232;2607232;193;31,012;338,65;587,6;0;67800;113;7;1;587,358;12,823;1618,654;6,809;None;None;None;None;None;None;-10921639;1618,654;1743;392;2151;668504;387,436;11,293;0,421;2,476
ID2606903;2606903;193;30,984;339,95;588,25;0;68400;114;7;1;577,678;13,775;1612,274;7,116;None;None;None;None;None;None;-10921639;1612,274;1718;500;2155;665869;366,588;11,281;0,423;2,614
ID2607564;2607564;193;32,493;340,6;588,25;0;69000;115;7;1;612,896;12,801;1657,768;7,354;None;None;None;None;None;None;-10921639;1657,768;1777;584;2191;684658;367,447;11,282;0,435;2,736
ID2606572;2606572;193;32,5;339,95;588,9;0;69600;116;7;1;614,584;12,535;1664,31;6,554;None;None;None;None;None;None;-10921639;1664,31;1778;475;2160;687360;344,678;11,339;0,452;3,005
ID2608220;2608220;193;32,496;340,6;588,25;0;70200;117;7;1;622,046;13,022;1678,024;6,748;None;None;None;None;None;None;-10921639;1678,024;1792;707;2139;693024;323,351;11,332;0,442;3,183
ID2607892;2607892;193;32,261;340,6;588,25;0;70800;118;7;1;629,867;13,806;1694,787;7,303;None;None;None;None;None;None;-10921639;1694,787;1805;721;2114;699947;309,487;11,352;0,44;3,348
ID2608556;2608556;193;30,308;341,25;588,9;0;71400;119;7;1;598,286;14,225;1647,145;8,092;None;None;None;None;None;None;-10921639;1647,145;1762;772;2023;680271;314,554;11,333;0,412;3,055
ID2608891;2608891;193;29,732;341,9;588,9;0;72000;120;7;1;600,678;12,748;1654,247;8,22;None;None;None;None;None;None;-10921639;1654,247;1767;791;2009;683204;297,232;11,354;0,412;3,249
ID2609224;2609224;193;28,419;341,9;588,9;0;72600;121;7;1;596,349;12,964;1645,993;6,799;None;None;None;None;None;None;-10921639;1645,993;1756;803;1996;679795;294,343;11,337;0,382;3,093
ID2609901;2609901;193;28,556;342,55;588,25;0;73200;122;7;1;595,69;13,225;1640,591;7,492;None;None;None;None;None;None;-10921639;1640,591;1749;714;2103;677564;330,538;11,301;0,374;2,703
ID2609565;2609565;193;27,194;342,55;588,25;0;73800;123;7;1;578,472;14,462;1612,455;7,133;None;None;None;None;None;None;-10921639;1612,455;1751;567;2113;665944;353,14;11,272;0,354;2,387
ID2610240;2610240;193;25,43;342,55;588,25;0;74400;124;7;1;582,065;13,09;1616,961;6,55;None;None;None;None;None;None;-10921639;1616,961;1744;546;2114;667805;364,849;11,23;0,309;2,093
ID2610568;2610568;193;25,711;343,2;587,6;0;75000;125;7;1;590,879;12,794;1630,039;7,455;None;None;None;None;None;None;-10921639;1630,039;1743;600;2146;673206;360,291;11,219;0,299;2,084
ID2610900;2610900;193;24,715;343,2;588,25;0;75600;126;7;1;590,097;13,625;1629,47;6,886;None;None;None;None;None;None;-10921639;1629,47;1749;650;2149;672971;361,432;11,195;0,28;1,974
ID2611233;2611233;193;24,4;343,2;588,25;0;76200;127;7;1;599,075;12,789;1642,145;6,775;None;None;None;None;None;None;-10921639;1642,145;1766;628;2193;678206;365,669;11,173;0,269;1,903
ID2611909;2611909;193;24,783;342,55;588,25;0;76800;128;7;1;592,632;13,567;1631,864;7,058;None;None;None;None;None;None;-10921639;1631,864;1767;523;2118;673960;375,502;11,188;0,281;1,906
ID2611575;2611575;193;25,059;341,9;588,25;0;77400;129;7;1;593,765;12,632;1636,431;7,056;None;None;None;None;None;None;-10921639;1636,431;1752;632;2113;675846;357,495;11,204;0,286;2,036
ID2612249;2612249;193;25,024;341,9;588,25;0;78000;130;7;1;602,041;13,501;1653,751;7,63;None;None;None;None;None;None;-10921639;1653,751;1749;639;2171;682999;358,79;11,198;0,282;2,029
ID2612584;2612584;193;25,312;342,55;588,25;0;78600;131;7;1;602,552;12,419;1650,492;7,533;None;None;None;None;None;None;-10921639;1650,492;1755;559;2122;681653;360,935;11,195;0,281;2,007
ID2613267;2613267;193;25,733;341,25;587,6;0;79200;132;7;1;604,6;11,511;1650,201;7,136;None;None;None;None;None;None;-10921639;1650,201;1762;404;2109;681533;375,084;11,186;0,285;1,95
ID2612924;2612924;193;27,228;339,95;586,95;0;79800;133;7;1;623,027;13,157;1675,811;6,821;None;None;None;None;None;None;-10921639;1675,811;1790;455;2119;692110;379,831;11,188;0,298;2,026
ID2613600;2613600;193;28,441;338,65;586,3;0;80400;134;7;1;632,184;12,639;1679,535;7,794;None;None;None;None;None;None;-10921639;1679,535;1808;310;2152;693648;418,203;11,188;0,312;1,91
ID2613935;2613935;193;29,478;338;586,3;0;81000;135;7;1;662,654;14,368;1708,988;7,208;None;None;None;None;None;None;-10921639;1708,988;1867;196;2254;705812;476,233;11,166;0,319;1,735
ID2614279;2614279;193;29,624;336,7;586,95;0;81600;136;7;1;661,925;11,763;1718,569;7,305;None;None;None;None;None;None;-10921639;1718,569;1841;346;2244;709769;424,662;11,209;0,326;1,992
ID2614617;2614617;193;30,337;336,05;586,3;0;82200;137;7;1;661,002;12,772;1711,729;8,39;None;None;None;None;None;None;-10921639;1711,729;1856;310;2278;706944;447,041;11,209;0,346;1,968
ID2614959;2614959;193;29,276;336,05;586,3;0;82800;138;7;1;640,717;13,155;1683,23;6,84;None;None;None;None;None;None;-10921639;1683,23;1829;268;2215;695174;435,717;11,221;0,339;1,956
ID2615296;2615296;193;30,328;335,4;586,3;0;83400;139;7;1;664,535;12,462;1718,93;8,097;None;None;None;None;None;None;-10921639;1718,93;1856;373;2276;709918;415,21;11,267;0,36;2,191
ID2615637;2615637;193;29,912;334,75;585,65;0;84000;140;7;1;646,547;12,763;1686,157;7,237;None;None;None;None;None;None;-10921639;1686,157;1851;250;2249;696383;450,478;11,254;0,359;1,976
ID2615979;2615979;193;30,154;334,75;585;0;84600;141;7;1;644,387;11,775;1683,833;7,475;None;None;None;None;None;None;-10921639;1683,833;1845;277;2255;695423;451,568;11,266;0,366;1,999
ID2616325;2616325;193;32,14;334,1;585,65;0;85200;142;7;1;651,954;12,056;1700,259;7,027;None;None;None;None;None;None;-10921639;1700,259;1859;422;2203;702207;429,923;11,3;0,414;2,314
ID2616673;2616673;193;32,575;334,75;585;0;85800;143;7;1;660,707;13,08;1711,419;7,395;None;None;None;None;None;None;-10921639;1711,419;1852;386;2257;706816;431,182;11,278;0,41;2,309
ID2617356;2617356;193;33,279;334,75;585;0;86400;144;7;1;681,058;12,855;1748,383;7,249;None;None;None;None;None;None;-10921639;1748,383;1869;647;2258;722082;381,949;11,306;0,414;2,681
ID2617013;2617013;193;34,246;334,1;584,35;0;87000;145;7;1;703,499;11,908;1776,278;6,811;None;None;None;None;None;None;-10921639;1776,278;1914;588;2285;733603;390,545;11,307;0,43;2,735
ID2617698;2617698;193;33,237;334,1;584,35;0;87600;146;7;1;704,01;13,874;1781,567;7,121;None;None;None;None;None;None;-10921639;1781,567;1914;500;2317;735787;375,992;11,318;0,408;2,746
ID2618380;2618380;193;32,336;334,1;584,35;0;88200;147;7;1;680,622;12,985;1748,816;7,455;None;None;None;None;None;None;-10921639;1748,816;1887;360;2236;722261;375,09;11,325;0,41;2,71
ID2618037;2618037;193;31,575;335,4;584,35;0;88800;148;7;1;669,034;13,545;1735,039;6,552;None;None;None;None;None;None;-10921639;1735,039;1861;360;2240;716571;389,604;11,312;0,392;2,506
ID2618722;2618722;193;31,396;335,4;583,7;0;89400;149;7;1;677,102;12;1745,947;6,535;None;None;None;None;None;None;-10921639;1745,947;1895;346;2236;721076;375,166;11,333;0,397;2,644
ID2619071;2619071;193;31,288;335,4;583,7;0;90000;150;7;1;682,956;15,351;1753,884;7,402;None;None;None;None;None;None;-10921639;1753,884;1890;353;2250;724354;370,808;11,319;0,385;2,631
ID2619422;2619422;193;30,104;335,4;583,7;0;90600;151;7;1;672,431;12,155;1743,985;6,15;None;None;None;None;None;None;-10921639;1743,985;1878;373;2184;720266;342,367;11,329;0,372;2,762
ID2620130;2620130;193;31,06;336,05;583,05;0;91200;152;7;1;679,327;15,484;1752,215;8,097;None;None;None;None;None;None;-10921639;1752,215;1886;353;2191;723665;369,761;11,302;0,382;2,618
ID2619773;2619773;193;31,383;336,05;582,4;0;91800;153;7;1;668,564;13,237;1741,138;6,506;None;None;None;None;None;None;-10921639;1741,138;1874;353;2130;719090;343,807;11,333;0,404;2,912
ID2620484;2620484;193;31,983;336,7;582,4;0;92400;154;7;1;671,07;15,048;1744,472;7,051;None;None;None;None;None;None;-10921639;1744,472;1878;427;2181;720467;355,701;11,331;0,411;2,856
ID2621553;2621553;193;32,279;336,7;582,4;0;93000;155;7;1;685,017;14,068;1768,097;7,271;None;None;None;None;None;None;-10921639;1768,097;1900;485;2165;730224;314,383;11,351;0,419;3,322
ID2620840;2620840;193;33,21;336,7;581,75;0;93600;156;7;1;697,295;13,448;1780,513;7,47;None;None;None;None;None;None;-10921639;1780,513;1899;346;2196;735352;331,081;11,354;0,43;3,236
ID2621194;2621194;193;32,737;336,7;581,1;0;94200;157;7;1;689,85;15,128;1775,467;7,557;None;None;None;None;None;None;-10921639;1775,467;1874;346;2187;733268;319,076;11,362;0,422;3,303
ID2621902;2621902;193;32,716;336,05;580,45;0;94800;158;7;1;684,07;13,472;1767,617;7,419;None;None;None;None;None;None;-10921639;1767,617;1885;332;2143;730026;323,599;11,362;0,429;3,281
ID2622251;2622251;193;32,089;336,05;580,45;0;95400;159;7;1;672,755;14,584;1754,525;6,538;None;None;None;None;None;None;-10921639;1754,525;1861;339;2183;724619;320,386;11,37;0,425;3,268
ID2622601;2622601;193;32,423;336,05;579,8;0;96000;160;7;1;662,748;15,044;1739,644;6,31;None;None;None;None;None;None;-10921639;1739,644;1860;310;2139;718473;341,418;15,218;0,436;3,094
ID2622951;2622951;193;33,257;336,05;579,8;0;96600;161;7;1;677,346;12,617;1755,547;7,138;None;None;None;None;None;None;-10921639;1755,547;1864;250;2161;725041;337,844;15,147;0,442;3,187
ID2623314;2623314;193;34,122;336,7;579,8;0;97200;162;7;1;673,148;15,404;1755,639;7,864;None;None;None;None;None;None;-10921639;1755,639;1869;410;2114;725079;317,076;11,366;0,461;3,497
ID2623672;2623672;193;33,749;336,05;579,8;0;97800;163;7;1;672,792;13,295;1751,811;6,809;None;None;None;None;None;None;-10921639;1751,811;1855;317;2089;723498;319,974;11,374;0,457;3,435
ID2624384;2624384;193;34,81;335,4;580,45;0;98400;164;7;1;684,659;12,797;1763,768;6,903;None;None;None;None;None;None;-10921639;1763,768;1874;250;2149;728436;346,618;11,375;0,476;3,281
ID2624027;2624027;193;33,878;336,05;579,8;0;99000;165;7;1;681,925;12,801;1761,746;6,896;None;None;None;None;None;None;-10921639;1761,746;1874;259;2102;727601;327,534;11,386;0,467;3,424
ID2624743;2624743;193;33,937;336,7;579,15;0;99600;166;7;1;672,777;14,482;1751,533;6,702;None;None;None;None;None;None;-10921639;1751,533;1856;353;2100;723383;324,244;11,368;0,461;3,411
ID2625105;2625105;193;34,123;336,05;580,45;0;100200;167;7;1;681,448;12,927;1755,833;7,579;None;None;None;None;None;None;-10921639;1755,833;1890;294;2134;725159;359,875;11,362;0,463;3,09
ID2625467;2625467;193;33,636;336,7;580,45;0;100800;168;7;1;680,772;12,051;1760,16;7,262;None;None;None;None;None;None;-10921639;1760,16;1881;332;2160;726946;335,715;11,367;0,457;3,291
ID2625835;2625835;193;33,555;337,35;580,45;0;101400;169;7;1;684,494;12,765;1766,956;6,874;None;None;None;None;None;None;-10921639;1766,956;1868;480;2104;729753;307,529;11,369;0,456;3,597
ID2626204;2626204;193;32,866;338;579,8;0;102000;170;7;1;669,397;12,661;1748,167;7,584;None;None;None;None;None;None;-10921639;1748,167;1859;658;2125;721993;307,275;11,338;0,441;3,48
ID2626576;2626576;193;33,789;338;579,8;0;102600;171;7;1;692,07;11,153;1779,429;8,002;None;None;None;None;None;None;-10921639;1779,429;1881;604;2172;734904;304,507;11,368;0,46;3,682
ID2627313;2627313;193;35,243;336,7;581,1;0;103200;172;7;1;711,448;12,644;1802,516;8,245;None;None;None;None;None;None;-10921639;1802,516;1904;514;2173;744439;308,677;11,374;0,481;3,795
ID2626945;2626945;193;35,77;337,35;580,45;0;103800;173;7;1;713,039;11,746;1806,153;7,443;None;None;None;None;None;None;-10921639;1806,153;1901;612;2162;745941;305,535;11,369;0,484;3,855
ID2627671;2627671;193;36,657;336,7;580,45;0;104400;174;7;1;725,295;12,847;1818,831;7,075;None;None;None;None;None;None;-10921639;1818,831;1911;449;2183;751177;331,561;11,362;0,491;3,612
ID2628031;2628031;193;36,65;336,7;581,1;0;105000;175;7;1;731,6;12,426;1825,487;6,833;None;None;None;None;None;None;-10921639;1825,487;1937;480;2185;753926;338,155;15,102;0,499;3,594
ID2628764;2628764;193;37,432;337,35;581,1;0;105600;176;7;1;730,826;12,942;1821,562;7,923;None;None;None;None;None;None;-10921639;1821,562;1927;514;2199;752305;347,747;11,355;0,506;3,519
ID2628395;2628395;193;37,111;336,7;581,1;0;106200;177;7;1;726,964;13,39;1823,533;7,487;None;None;None;None;None;None;-10921639;1823,533;1926;470;2187;753119;331,326;11,377;0,504;3,687
ID2629124;2629124;193;36,67;336,7;581,1;0;106800;178;7;1;734,513;12,816;1835,169;7,438;None;None;None;None;None;None;-10921639;1835,169;1909;588;2221;757925;309,753;15,174;0,501;3,955
ID2630589;2630589;193;37,183;336,7;581,75;0;107400;179;7;1;734,305;12,126;1827,47;6,93;None;None;None;None;None;None;-10921639;1827,47;1919;416;2231;754745;344,775;15,229;0,516;3,61
ID2629856;2629856;193;36,562;337,35;581,1;0;108000;180;7;1;730,157;11,584;1824,211;7,276;None;None;None;None;None;None;-10921639;1824,211;1907;514;2212;753399;321,762;15,171;0,5;3,781
ID2629489;2629489;193;36,924;337,35;581,1;0;108600;181;7;1;729,617;12,412;1824,107;7,969;None;None;None;None;None;None;-10921639;1824,107;1910;404;2212;753356;329,887;15,252;0,511;3,741
ID2630216;2630216;193;37,951;338;580,45;0;109200;182;7;1;750,642;12,119;1854,613;7,036;None;None;None;None;None;None;-10921639;1854,613;1937;537;2237;765955;321,088;11,387;0,518;3,942
ID2630953;2630953;193;37,245;338;580,45;0;109800;183;7;1;737,649;12,869;1838,07;7,191;None;None;None;None;None;None;-10921639;1838,07;1927;616;2242;759123;316,112;11,382;0,504;3,899
ID2631325;2631325;193;38,194;338;580,45;0;110400;184;7;1;749,794;13,847;1846,717;7,755;None;None;None;None;None;None;-10921639;1846,717;1935;449;2280;762694;340,843;11,387;0,521;3,712
ID2631701;2631701;193;37,458;337,35;579,15;0;111000;185;7;1;741,327;12,613;1840,995;7,271;None;None;None;None;None;None;-10921639;1840,995;1917;422;2278;760331;323,016;15,148;0,514;3,871
ID2632072;2632072;193;37,537;337,35;578,5;0;111600;186;7;1;712,429;11,174;1805,923;8,857;None;None;None;None;None;None;-10921639;1805,923;1905;523;2257;745846;323,144;11,37;0,521;3,827
ID2632444;2632444;193;36,86;337,35;578,5;0;112200;187;7;1;698,833;10,697;1783,339;7,262;None;None;None;None;None;None;-10921639;1783,339;1879;676;2301;736519;339,169;11,355;0,505;3,53
ID2632806;2632806;193;36,624;338;576,55;0;112800;188;7;1;714,714;12,019;1807,094;7,167;None;None;None;None;None;None;-10921639;1807,094;1895;658;2288;746330;317,1;11,371;0,497;3,786
ID2633176;2633176;193;36,785;337,35;575,9;0;113400;189;7;1;718,712;10,726;1808,165;7,542;None;None;None;None;None;None;-10921639;1808,165;1911;392;2254;746772;342,87;11,366;0,501;3,523
ID2633550;2633550;193;36,139;337,35;575,9;0;114000;190;7;1;707,806;12,107;1794,593;6,828;None;None;None;None;None;None;-10921639;1794,593;1886;449;2222;741167;333,169;11,367;0,495;3,565
ID2633930;2633930;193;36,61;337,35;575,25;0;114600;191;7;1;701,697;12,102;1783,709;6,818;None;None;None;None;None;None;-10921639;1783,709;1870;693;2287;736672;352,129;11,341;0,493;3,345
ID2634314;2634314;193;36,487;338;574,6;0;115200;192;7;1;729,203;11,697;1827,453;7,787;None;None;None;None;None;None;-10921639;1827,453;1907;714;2276;754738;312,296;11,373;0,494;3,868
ID2634693;2634693;193;37,077;337,35;574,6;0;115800;193;7;1;738,024;11,012;1836,443;7,046;None;None;None;None;None;None;-10921639;1836,443;1927;546;2319;758451;327,964;11,374;0,503;3,746
ID2635073;2635073;193;37,534;337,35;575,25;0;116400;194;7;1;736,022;11,545;1832,109;6,908;None;None;None;None;None;None;-10921639;1832,109;1920;740;2295;756661;333,064;11,361;0,508;3,705
ID2635459;2635459;193;38,257;336,7;574,6;0;117000;195;7;1;749,259;11,504;1849,489;8,271;None;None;None;None;None;None;-10921639;1849,489;1931;608;2252;763839;322,897;11,382;0,524;3,938
ID2635834;2635834;193;38,467;336,7;574,6;0;117600;196;7;1;743,247;11,947;1842,535;6,288;None;None;None;None;None;None;-10921639;1842,535;1925;632;2248;760967;317,838;11,396;0,537;4,051
ID2636212;2636212;193;38,114;337,35;573,3;0;118200;197;7;1;724,608;11,443;1815,431;7,201;None;None;None;None;None;None;-10921639;1815,431;1912;812;2249;749773;336,582;11,362;0,525;3,712
ID2636592;2636592;193;37,648;337,35;573,95;0;118800;198;7;1;725,097;10,758;1816,782;7,046;None;None;None;None;None;None;-10921639;1816,782;1917;797;2220;750331;330,555;11,351;0,514;3,73
ID2636966;2636966;193;37,829;338;573,3;0;119400;199;7;1;730,392;10,881;1828,453;7,584;None;None;None;None;None;None;-10921639;1828,453;1915;885;2278;755151;309,745;11,382;0,517;4,026
ID2637342;2637342;193;38,261;338;573,3;0;120000;200;7;1;741,867;11,775;1841,818;7,363;None;None;None;None;None;None;-10921639;1841,818;1935;855;2330;760671;315,742;15,096;0,527;4,027
ID2637721;2637721;193;38,01;339,3;573,3;0;120600;201;7;1;736,617;11,952;1828,455;7,37;None;None;None;None;None;None;-10921639;1828,455;1936;800;2376;755152;352,137;11,347;0,503;3,475
ID2638098;2638098;193;38,641;339,3;573,95;0;121200;202;7;1;735,337;11,62;1822,763;7,843;None;None;None;None;None;None;-10921639;1822,763;1942;576;2365;752801;371,996;11,347;0,52;3,351
ID2638477;2638477;193;39,493;339,95;573,3;0;121800;203;7;1;751,317;10,446;1838,455;7,337;None;None;None;None;None;None;-10921639;1838,455;1966;676;2377;759282;379,928;11,328;0,526;3,338
ID2638853;2638853;193;39,271;340,6;573,3;0;122400;204;7;1;739,838;11,247;1829,337;7,591;None;None;None;None;None;None;-10921639;1829,337;1950;661;2335;755516;366,66;11,346;0,531;3,461
ID2639222;2639222;193;39,042;340,6;572;0;123000;205;7;1;761,69;10,845;1857,978;7,407;None;None;None;None;None;None;-10921639;1857,978;1974;775;2378;767345;358,575;11,358;0,527;3,577
ID2639601;2639601;193;38,461;341,9;573,3;0;123600;206;7;1;740,421;10,596;1831,421;7,429;None;None;None;None;None;None;-10921639;1831,421;1952;669;2328;756377;372,934;11,335;0,516;3,344
ID2639982;2639982;193;39,153;341,9;573,3;0;124200;207;7;1;758,044;10,976;1851,419;6,567;None;None;None;None;None;None;-10921639;1851,419;1961;711;2363;764636;368,383;11,353;0,531;3,485
ID2640359;2640359;193;38,276;343,2;573,3;0;124800;208;7;1;737,431;10,99;1816,136;7,419;None;None;None;None;None;None;-10921639;1816,136;1934;528;2433;750064;435,841;11,293;0,489;2,736
ID2640737;2640737;193;38,951;342,55;573,3;0;125400;209;7;1;745,446;10,886;1816,872;7,38;None;None;None;None;None;None;-10921639;1816,872;1954;427;2458;750368;460,286;11,291;0,503;2,643
ID2641116;2641116;193;39,164;341,9;573,95;0;126000;210;7;1;748,969;10,738;1835,107;8,363;None;None;None;None;None;None;-10921639;1835,107;1957;576;2423;757899;409,379;11,32;0,511;3,031
ID2641506;2641506;193;38,837;341,25;573,3;0;126600;211;7;1;746,932;10,475;1827,107;6,915;None;None;None;None;None;None;-10921639;1827,107;1945;490;2440;754595;415,249;11,328;0,513;2,983
ID2641889;2641889;193;37,872;341,25;572,65;0;127200;212;7;1;724,581;10,85;1805,833;6,881;None;None;None;None;None;None;-10921639;1805,833;1890;669;2468;745809;394,324;11,316;0,493;3,025
ID2642274;2642274;193;38,678;340,6;572,65;0;127800;213;7;1;735,697;11,334;1816,303;7,167;None;None;None;None;None;None;-10921639;1816,303;1929;572;2449;750133;403,231;11,339;0,519;3,077
ID2642661;2642661;193;38,684;340,6;572,65;0;128400;214;7;1;726,482;9,879;1804,508;7,642;None;None;None;None;None;None;-10921639;1804,508;1915;639;2429;745262;401,183;11,325;0,519;3,074
ID2643050;2643050;193;38,034;339,95;572,65;0;129000;215;7;1;734,203;9,925;1823,68;7,291;None;None;None;None;None;None;-10921639;1823,68;1915;760;2427;753180;360,421;11,349;0,507;3,403
ID2643439;2643439;193;39,224;339,3;572,65;0;129600;216;7;1;763,964;11,31;1860,683;7,465;None;None;None;None;None;None;-10921639;1860,683;1950;772;2406;768462;348,621;11,396;0,533;3,709
ID2643825;2643825;193;39,006;338,65;573,3;0;130200;217;7;1;744,697;10,724;1833,99;8,724;None;None;None;None;None;None;-10921639;1833,99;1914;650;2420;757438;355,648;11,394;0,53;3,575
ID2644206;2644206;193;39,84;338,65;572,65;0;130800;218;7;1;747,288;10,269;1833,264;7,567;None;None;None;None;None;None;-10921639;1833,264;1944;760;2396;757138;374,89;11,354;0,533;3,402
ID2644592;2644592;193;38,583;339,3;572,65;0;131400;219;7;1;726,358;10,55;1814,264;7,111;None;None;None;None;None;None;-10921639;1814,264;1931;885;2276;749291;345,669;11,37;0,523;3,604
ID2644983;2644983;193;38,424;338,65;572;0;132000;220;7;1;749,133;11,104;1841,852;7,864;None;None;None;None;None;None;-10921639;1841,852;1965;635;2313;760685;359,328;11,385;0,517;3,495
ID2645366;2645366;193;37,424;338;571,35;0;132600;221;7;1;727,726;10,889;1817,838;8,165;None;None;None;None;None;None;-10921639;1817,838;1929;781;2299;750767;330,725;11,383;0,499;3,662
ID2645752;2645752;193;36,664;339,95;571,35;0;133200;222;7;1;721,208;9,918;1807,833;7,518;None;None;None;None;None;None;-10921639;1807,833;1902;567;2331;746635;341,876;11,373;0,475;3,405
ID2646138;2646138;193;38,094;339,95;570,7;0;133800;223;7;1;722,293;11,446;1807,019;7,407;None;None;None;None;None;None;-10921639;1807,019;1920;643;2247;746299;329,745;11,372;0,518;3,739
ID2646526;2646526;193;39,585;339,3;572;0;134400;224;7;1;754,153;13,407;1836,646;7,973;None;None;None;None;None;None;-10921639;1836,646;1968;422;2387;758535;403,348;11,348;0,519;3,111
ID2646916;2646916;193;39,834;339,3;572;0;135000;225;7;1;756,225;11,024;1839,424;7,564;None;None;None;None;None;None;-10921639;1839,424;1960;480;2401;759682;392,778;11,365;0,527;3,233
ID2647311;2647311;193;40,791;339,3;572,65;0;135600;226;7;1;767,056;11,257;1852,814;7,232;None;None;None;None;None;None;-10921639;1852,814;1980;509;2423;765212;412,081;11,342;0,537;3,141
ID2647701;2647701;193;40,467;340,6;572;0;136200;227;7;1;764,031;10,571;1857,441;7,356;None;None;None;None;None;None;-10921639;1857,441;1995;744;2346;767123;366,427;11,356;0,542;3,562
ID2648090;2648090;193;40,262;341,25;573,95;0;136800;228;7;1;760,855;11,511;1859,4;6,799;None;None;None;None;None;None;-10921639;1859,4;1978;737;2348;767932;352,533;11,381;0,545;3,722
ID2648484;2648484;193;40,689;342,55;573,3;0;137400;229;7;1;772,38;9,927;1866,869;8,048;None;None;None;None;None;None;-10921639;1866,869;1972;794;2364;771017;366,606;11,358;0,545;3,592
ID2648877;2648877;193;41,732;341,9;573,95;0;138000;230;7;1;807,007;10,85;1911,416;7,535;None;None;None;None;None;None;-10921639;1911,416;2014;766;2458;789415;375,022;11,372;0,553;3,63
ID2649272;2649272;193;40,103;341,9;574,6;0;138600;231;7;1;796,884;15,477;1909,046;7,661;None;None;None;None;None;None;-10921639;1909,046;2009;676;2414;788436;356,439;11,376;0,527;3,697
ID2649671;2649671;193;41,713;341,25;573,95;0;139200;232;7;1;809,39;21,334;1929,378;8,804;None;None;None;None;None;None;-10921639;1929,378;2046;910;2459;796833;365,084;11,366;0,548;3,742
ID2650067;2650067;193;40,093;341,9;573,3;0;139800;233;7;1;777,465;10,722;1873,54;7,443;None;None;None;None;None;None;-10921639;1873,54;1988;672;2481;773772;389,76;11,343;0,529;3,327
ID2650465;2650465;193;39,142;340,6;573,95;0;140400;234;7;1;796,165;11,981;1899,944;7,91;None;None;None;None;None;None;-10921639;1899,944;2018;523;2403;784677;366,853;11,391;0,519;3,54
ID2650869;2650869;193;39,381;341,25;573,95;0;141000;235;7;1;791,959;10,76;1893,809;7,99;None;None;None;None;None;None;-10921639;1893,809;2011;643;2447;782143;360,661;11,382;0,524;3,612
ID2651261;2651261;193;39,648;340,6;573,95;0;141600;236;7;1;828,685;10,157;1940,944;7,91;None;None;None;None;None;None;-10921639;1940,944;2050;604;2484;801610;352,414;15,08;0,522;3,779
ID2651657;2651657;193;39,114;339,95;573,3;0;142200;237;7;1;815,361;10,298;1926,293;8,499;None;None;None;None;None;None;-10921639;1926,293;2047;753;2365;795559;343,043;11,406;0,51;3,794
ID2652053;2652053;193;38,417;340,6;573,95;0;142800;238;7;1;803,68;10,814;1913,867;7,494;None;None;None;None;None;None;-10921639;1913,867;2020;724;2415;790427;346,262;11,411;0,502;3,695
ID2652450;2652450;193;39,707;341,25;575,25;0;143400;239;7;1;835,22;11,785;1946,726;7,872;None;None;None;None;None;None;-10921639;1946,726;2058;588;2513;803998;378,15;11,38;0,501;3,438
ID2652846;2652846;193;39,872;341,9;573,95;0;144000;240;7;1;822,104;11,651;1931,753;6,722;None;None;None;None;None;None;-10921639;1931,753;2023;772;2509;797814;379,925;11,376;0,512;3,443
ID2653251;2653251;193;38,901;341,9;573,95;0;144600;241;7;1;818,671;11,593;1927,927;8,37;None;None;None;None;None;None;-10921639;1927,927;2028;588;2440;796234;360,529;11,397;0,502;3,575
ID2653659;2653659;193;39,732;341,9;574,6;0;145200;242;7;1;822,85;12,964;1933,637;7,453;None;None;None;None;None;None;-10921639;1933,637;2053;612;2433;798592;369,39;11,406;0,52;3,582
ID2654059;2654059;193;38,787;341,9;573,95;0;145800;243;7;1;823,523;11,298;1932,484;7,535;None;None;None;None;None;None;-10921639;1932,484;2061;665;2427;798116;386,142;11,377;0,489;3,289
ID2654461;2654461;193;38,324;342,55;574,6;0;146400;244;7;1;822,387;11,591;1928,235;6,649;None;None;None;None;None;None;-10921639;1928,235;2074;572;2425;796361;389,035;11,343;0,466;3,15
ID2654874;2654874;193;38,133;342,55;574,6;0;147000;245;7;1;815,574;11,627;1920,208;7,823;None;None;None;None;None;None;-10921639;1920,208;2053;620;2424;793046;394,667;11,337;0,461;3,072
ID2655277;2655277;193;37,922;342,55;575,25;0;147600;246;7;1;830,906;11,927;1939,37;7,387;None;None;None;None;None;None;-10921639;1939,37;2054;596;2458;800960;383,381;11,337;0,451;3,145
ID2655679;2655679;193;37,717;341,9;575,25;0;148200;247;7;1;822,404;11,843;1930,387;7,392;None;None;None;None;None;None;-10921639;1930,387;2018;480;2469;797250;383,032;11,366;0,453;3,142
ID2656077;2656077;193;39,06;341,9;573,95;0;148800;248;7;1;850,274;14,593;1966,724;8,724;None;None;None;None;None;None;-10921639;1966,724;2085;724;2506;812257;384,71;11,337;0,463;3,236
ID2656478;2656478;193;39,333;342,55;574,6;0;149400;249;7;1;834,627;12,985;1938,772;6,799;None;None;None;None;None;None;-10921639;1938,772;2045;731;2537;800713;431,351;11,299;0,463;2,843
ID2656889;2656889;193;38,357;343,85;575,25;0;150000;250;7;1;811,845;11,765;1911,91;7,554;None;None;None;None;None;None;-10921639;1911,91;2021;690;2485;789619;414,419;11,304;0,452;2,872
ID2657298;2657298;193;37,241;343,2;575,25;0;150600;251;7;1;847,107;11,538;1958,354;7,395;None;None;None;None;None;None;-10921639;1958,354;2043;576;2481;808800;383,203;11,35;0,429;3,066
ID2657713;2657713;193;35,66;343,85;575,9;0;151200;252;7;1;860,632;12,84;1975,443;7,671;None;None;None;None;None;None;-10921639;1975,443;2063;818;2535;815858;382,44;11,307;0,385;2,871
ID2658121;2658121;193;34,292;344,5;575,9;0;151800;253;7;1;838,424;12,402;1945,613;7,022;None;None;None;None;None;None;-10921639;1945,613;2046;737;2511;803538;407,992;11,273;0,359;2,521
ID2658537;2658537;193;34,394;345,15;577,2;0;152400;254;7;1;864,455;12,053;1976,172;8,211;None;None;None;None;None;None;-10921639;1976,172;2109;672;2577;816159;408,959;11,286;0,356;2,537
ID2658944;2658944;193;33,766;344,5;576,55;0;153000;255;7;1;833,276;14,148;1945,308;8,174;None;None;None;None;None;None;-10921639;1945,308;2057;756;2500;803412;383,715;11,296;0,36;2,685
ID2659355;2659355;193;33,412;344,5;577,2;0;153600;256;7;1;862,545;15,479;1979,073;9,073;None;None;None;None;None;None;-10921639;1979,073;2093;707;2525;817357;388,465;11,298;0,346;2,62
ID2659759;2659759;193;33,103;344,5;577,2;0;154200;257;7;1;821,954;13,976;1929,995;7,358;None;None;None;None;None;None;-10921639;1929,995;2050;721;2498;797088;405,059;11,272;0,349;2,468
ID2660169;2660169;193;34,024;344,5;578,5;0;154800;258;7;1;855,027;16,358;1962,705;7,755;None;None;None;None;None;None;-10921639;1962,705;2097;744;2509;810597;429,033;11,254;0,35;2,374
ID2660575;2660575;193;33,843;343,85;578,5;0;155400;259;7;1;818,346;17,247;1923,479;8,034;None;None;None;None;None;None;-10921639;1923,479;2056;737;2440;794397;423,731;11,275;0,364;2,423
ID2661388;2661388;193;33,456;343,2;577,85;0;156000;260;7;1;814,094;20,291;1922,889;7,847;None;None;None;None;None;None;-10921639;1922,889;2065;756;2439;794153;429,095;11,266;0,354;2,343
ID2660984;2660984;193;32,207;343,2;579,15;0;156600;261;7;1;818,08;21,559;1922,015;6,518;None;None;None;None;None;None;-10921639;1922,015;2068;763;2524;793792;447,317;11,251;0,33;2,135
ID2661793;2661793;193;31,576;343,2;579,15;0;157200;262;7;1;795,102;21,985;1889,508;7,508;None;None;None;None;None;None;-10921639;1889,508;2047;608;2455;780367;455,314;11,274;0,334;2,08
ID2662196;2662196;193;31,084;343,85;581,1;0;157800;263;7;1;761,593;23,719;1852,717;7,608;None;None;None;None;None;None;-10921639;1852,717;1994;744;2434;765172;455,175;11,226;0,322;1,981
ID2662598;2662598;193;30,575;343,85;580,45;0;158400;264;7;1;749,567;28,964;1847,099;7,925;None;None;None;None;None;None;-10921639;1847,099;1997;714;2403;762852;455,304;11,252;0,319;1,963
ID2662999;2662999;193;31,368;343,85;580,45;0;159000;265;7;1;750,751;34,571;1855,659;7,76;None;None;None;None;None;None;-10921639;1855,659;2003;608;2375;766387;450,631;11,257;0,331;2,049
ID2663406;2663406;193;30,495;343,85;581,1;0;159600;266;7;1;723,511;36,47;1819,615;7,077;None;None;None;None;None;None;-10921639;1819,615;1951;600;2351;751501;426,437;11,25;0,326;2,1
ID2663812;2663812;193;28,642;343,85;581,1;0;160200;267;7;1;700,462;36,586;1796,736;7,269;None;None;None;None;None;None;-10921639;1796,736;1944;624;2342;742052;412,597;11,264;0,31;2,062
ID2664216;2664216;193;29,148;344,5;581,75;0;160800;268;7;1;735,63;38,852;1848,174;7,62;None;None;None;None;None;None;-10921639;1848,174;1962;721;2371;763296;403,09;11,246;0,296;2,095
ID2664615;2664615;193;28,682;344,5;581,1;0;161400;269;7;1;715,874;36,516;1819,293;7,84;None;None;None;None;None;None;-10921639;1819,293;1941;686;2355;751368;397,221;11,272;0,304;2,138
ID2665016;2665016;193;29,079;343,85;581,1;0;162000;270;7;1;719,4;41,939;1821,14;7,666;None;None;None;None;None;None;-10921639;1821,14;1967;523;2361;752131;446,611;11,261;0,307;1,915
ID2665420;2665420;193;29,551;343,85;580,45;0;162600;271;7;1;746,138;44,731;1867,368;7,69;None;None;None;None;None;None;-10921639;1867,368;2000;721;2386;771223;412,535;11,273;0,31;2,141
ID2665827;2665827;193;28,657;343,85;581,1;0;163200;272;7;1;748,579;50,659;1870,651;7,223;None;None;None;None;None;None;-10921639;1870,651;2027;672;2440;772579;449,034;11,278;0,295;1,897
ID2666229;2666229;193;27,914;343,85;580,45;0;163800;273;7;1;720,852;48,816;1832,16;7,063;None;None;None;None;None;None;-10921639;1832,16;2002;519;2385;756682;457,759;11,251;0,288;1,79
ID2667036;2667036;193;28,058;344,5;580,45;0;164400;274;7;1;727,867;49,31;1845,598;7,462;None;None;None;None;None;None;-10921639;1845,598;1982;500;2371;762232;446,622;11,241;0,285;1,835
ID2666631;2666631;193;28,582;344,5;580,45;0;165000;275;7;1;725,308;47,978;1838,789;6,775;None;None;None;None;None;None;-10921639;1838,789;1989;480;2361;759420;463,459;11,256;0,296;1,812
ID2667451;2667451;193;28,036;345,15;581,1;0;165600;276;7;1;734,107;45,663;1857,6;8,044;None;None;None;None;None;None;-10921639;1857,6;1978;616;2368;767189;416,281;11,244;0,283;1,969
ID2668267;2668267;193;29,386;344,5;581,1;0;166200;277;7;1;726,879;46,254;1839,492;7,281;None;None;None;None;None;None;-10921639;1839,492;1983;475;2351;759710;453,298;11,261;0,308;1,912
ID2667858;2667858;193;30,166;344,5;581,1;0;166800;278;7;1;748,533;45,983;1865,576;6,799;None;None;None;None;None;None;-10921639;1865,576;2009;572;2409;770483;458,466;11,272;0,317;1,959
ID2668677;2668677;193;30,465;345,15;581,75;0;167400;279;7;1;744,627;47,211;1863,45;7,591;None;None;None;None;None;None;-10921639;1863,45;1982;475;2427;769605;452,662;11,214;0,307;1,933
ID2669094;2669094;193;29,74;345,15;581,75;0;168000;280;7;1;734,787;40,462;1841,545;7,31;None;None;None;None;None;None;-10921639;1841,545;1973;386;2399;760558;455,835;11,204;0,304;1,882
ID2669507;2669507;193;29,808;345,8;581,75;0;168600;281;7;1;765,683;43,797;1890,869;7,993;None;None;None;None;None;None;-10921639;1890,869;1997;392;2471;780929;439,483;11,169;0,284;1,903
ID2669923;2669923;193;28,966;345,15;581,75;0;169200;282;7;1;739,729;25,608;1829,068;7,23;None;None;None;None;None;None;-10921639;1829,068;1926;353;2449;755405;460,141;11,163;0,282;1,751
ID2670338;2670338;193;29,02;344,5;582,4;0;169800;283;7;1;728,201;18,874;1808,521;7,898;None;None;None;None;None;None;-10921639;1808,521;1901;353;2394;746919;443,1;11,194;0,301;1,889
ID2670748;2670748;193;30,978;343,2;582,4;0;170400;284;7;1;743,622;16,942;1817,184;6,799;None;None;None;None;None;None;-10921639;1817,184;1952;310;2358;750497;470,981;11,249;0,339;1,953
ID2671166;2671166;193;30,408;343,2;583,05;0;171000;285;7;1;751,722;16,039;1824,327;7,964;None;None;None;None;None;None;-10921639;1824,327;1971;286;2376;753447;476,057;11,249;0,332;1,909
ID2671588;2671588;193;29,962;343,2;583,7;0;171600;286;7;1;749,385;14,324;1822,404;7,148;None;None;None;None;None;None;-10921639;1822,404;1957;346;2353;752653;460,256;11,232;0,319;1,917
ID2672007;2672007;193;29,071;343,2;583,7;0;172200;287;7;1;724,138;12,39;1782,809;7,613;None;None;None;None;None;None;-10921639;1782,809;1930;325;2332;736300;486,517;11,181;0,302;1,702
ID2672856;2672856;193;30,485;342,55;583,05;0;172800;288;7;1;751,661;10,455;1808,109;7,84;None;None;None;None;None;None;-10921639;1808,109;1968;259;2389;746749;516,776;11,175;0,317;1,683
ID2672434;2672434;193;30,598;341,9;583,05;0;173400;289;7;1;742,719;12,821;1792,77;7,431;None;None;None;None;None;None;-10921639;1792,77;1963;230;2387;740414;539,761;11,176;0,32;1,612
ID2673288;2673288;193;29,904;341,25;582,4;0;174000;290;7;1;744,993;13,569;1803,765;7,235;None;None;None;None;None;None;-10921639;1803,765;1972;259;2338;744955;519,864;11,18;0,308;1,635
ID2673705;2673705;193;30,679;341,25;582,4;0;174600;291;7;1;759,741;13,525;1815,738;7,906;None;None;None;None;None;None;-10921639;1815,738;1972;219;2415;749900;539,953;11,185;0,316;1,614
ID2674129;2674129;193;31,339;341,25;581,75;0;175200;292;7;1;775,334;12,232;1825,32;8,622;None;None;None;None;None;None;-10921639;1825,32;1962;250;2522;753857;560,769;11,19;0,319;1,573
ID2674974;2674974;193;29,939;341,25;582,4;0;175800;293;7;1;784,099;17,765;1835,153;7,823;None;None;None;None;None;None;-10921639;1835,153;1984;183;2528;757918;574,776;11,196;0,298;1,466
ID2674553;2674553;193;29,915;341,25;583,05;0;176400;294;7;1;794,361;25,676;1864,673;7,947;None;None;None;None;None;None;-10921639;1864,673;1965;183;2558;770110;552,36;11,17;0,287;1,504
ID2675392;2675392;193;28,75;341,9;582,4;0;177000;295;7;1;792,559;24,959;1874,736;7,964;None;None;None;None;None;None;-10921639;1874,736;1961;332;2604;774266;518,844;11,157;0,263;1,506
ID2675811;2675811;193;28,338;342,55;583,7;0;177600;296;7;1;780,787;21,32;1855,705;8,688;None;None;None;None;None;None;-10921639;1855,705;1952;268;2504;766406;500,305;11,134;0,259;1,527
ID2676235;2676235;193;28,51;341,9;583,7;0;178200;297;7;1;785,768;21,482;1859,605;7,293;None;None;None;None;None;None;-10921639;1859,605;1984;302;2558;768017;517,906;11,176;0,267;1,512
ID2677078;2677078;193;27,805;342,55;583,7;0;178800;298;7;1;802,823;21,322;1886,884;7,545;None;None;None;None;None;None;-10921639;1886,884;1988;310;2499;779283;483,416;11,182;0,255;1,586
ID2676654;2676654;193;28,622;342,55;585;0;179400;299;7;1;771,881;25,768;1842,511;8,024;None;None;None;None;None;None;-10921639;1842,511;1994;208;2566;760957;546,714;11,158;0,271;1,436
ID2677493;2677493;193;27,744;343,2;585,65;0;180000;300;7;1;755,077;17,886;1810,903;8,751;None;None;None;None;None;None;-10921639;1810,903;1916;259;2451;747903;502,428;11,12;0,254;1,459
ID2678331;2678331;193;30,162;343,2;586,3;0;180600;301;7;1;748,511;12,99;1817,007;8,077;None;None;None;None;None;None;-10921639;1817,007;1905;416;2383;750424;460,826;11,173;0,3;1,821
ID2677912;2677912;193;32,174;342,55;587,6;0;181200;302;7;1;722,925;10,608;1778,959;6,741;None;None;None;None;None;None;-10921639;1778,959;1904;404;2369;734710;473,336;11,23;0,359;1,986
ID2678744;2678744;193;33,919;343,2;588,25;0;181800;303;7;1;720,504;10,69;1790,075;8,407;None;None;None;None;None;None;-10921639;1790,075;1907;624;2271;739301;414,833;11,267;0,401;2,469
ID2679166;2679166;193;35,712;342,55;589,55;0;182400;304;7;1;717,225;10,959;1786,341;7,697;None;None;None;None;None;None;-10921639;1786,341;1922;624;2276;737759;418,898;11,287;0,443;2,618
ID2679597;2679597;193;36,668;342,55;588,9;0;183000;305;7;1;742,625;10,431;1813,031;8,252;None;None;None;None;None;None;-10921639;1813,031;1922;475;2386;748782;449,933;11,279;0,45;2,502
ID2680457;2680457;193;34,397;343,2;588,9;0;183600;306;7;1;698,6;10,954;1765,501;7,554;None;None;None;None;None;None;-10921639;1765,501;1870;541;2341;729152;404,394;11,275;0,42;2,584
ID2680031;2680031;193;34,494;343,2;589,55;0;184200;307;7;1;695,458;11,869;1753,881;8,128;None;None;None;None;None;None;-10921639;1753,881;1887;528;2311;724353;428,578;11,27;0,426;2,443
ID2680875;2680875;193;34,786;342,55;588,9;0;184800;308;7;1;693,366;20,402;1766,528;8,007;None;None;None;None;None;None;-10921639;1766,528;1895;514;2246;729576;414,725;11,299;0,443;2,617
ID2681721;2681721;193;37,247;342,55;590,2;0;185400;309;7;1;694,533;10,298;1758,215;7,155;None;None;None;None;None;None;-10921639;1758,215;1876;661;2278;726143;416,857;11,295;0,491;2,778
ID2681295;2681295;193;37,72;342,55;589,55;0;186000;310;7;1;684,276;9,487;1737,053;8,264;None;None;None;None;None;None;-10921639;1737,053;1879;523;2293;717403;450,439;11,286;0,508;2,597
ID2682147;2682147;193;38,576;341,9;589,55;0;186600;311;7;1;695,637;10,215;1750,419;7,278;None;None;None;None;None;None;-10921639;1750,419;1911;514;2302;722923;462,043;11,288;0,524;2,604
ID2682571;2682571;193;37,953;341,9;588,25;0;187200;312;7;1;709,545;10,702;1781,082;8,189;None;None;None;None;None;None;-10921639;1781,082;1902;700;2308;735587;403,534;11,308;0,503;2,956
ID2683002;2683002;193;38,083;341,9;588,9;0;187800;313;7;1;727,998;11,259;1806,228;7,927;None;None;None;None;None;None;-10921639;1806,228;1935;669;2336;745972;406,259;11,32;0,5;2,964
ID2683850;2683850;193;38,058;340,6;588,9;0;188400;314;7;1;705,322;10,262;1755,937;7,731;None;None;None;None;None;None;-10921639;1755,937;1935;410;2427;725202;501,397;11,25;0,488;2,297
ID2683427;2683427;193;38,08;340,6;589,55;0;189000;315;7;1;695,334;10,709;1753,518;9,339;None;None;None;None;None;None;-10921639;1753,518;1906;470;2451;724203;456,947;11,269;0,494;2,536
ID2684283;2684283;193;37,634;340,6;590,2;0;189600;316;7;1;707,182;9,973;1760,315;7,843;None;None;None;None;None;None;-10921639;1760,315;1927;523;2459;727010;489,162;11,244;0,472;2,307
ID2684710;2684710;193;37,025;339,3;589,55;0;190200;317;7;1;660,046;10,395;1693,235;8,889;None;None;None;None;None;None;-10921639;1693,235;1861;422;2404;699306;495,436;11,224;0,483;2,228
ID2685133;2685133;193;36,552;339,95;588,9;0;190800;318;7;1;667,102;12,099;1717,334;7,465;None;None;None;None;None;None;-10921639;1717,334;1851;546;2377;709259;445,958;11,265;0,483;2,507
ID2685553;2685553;193;36,537;339,95;590,2;0;191400;319;7;1;649,029;9,978;1666,467;8,627;None;None;None;None;None;None;-10921639;1666,467;1855;346;2458;688251;542,359;11,172;0,469;1,963
ID2685970;2685970;193;37,104;339,95;590,2;0;192000;320;7;1;657,952;10,983;1684,748;9,334;None;None;None;None;None;None;-10921639;1684,748;1855;427;2488;695801;524,222;11,181;0,475;2,07
ID2686393;2686393;193;37,643;339,95;590,2;0;192600;321;7;1;647,068;11,37;1664,334;7,126;None;None;None;None;None;None;-10921639;1664,334;1810;332;2547;687370;543,534;11,159;0,483;1,993
ID2687242;2687242;193;39,302;339,3;590,85;0;193200;322;7;1;672,24;11,639;1692,058;6,84;None;None;None;None;None;None;-10921639;1692,058;1817;310;2613;698820;568,23;11,149;0,499;1,982
ID2686820;2686820;193;38,491;339,3;590,85;0;193800;323;7;1;665,86;11,835;1671,908;7,172;None;None;None;None;None;None;-10921639;1671,908;1835;219;2598;690498;602,099;11,139;0,484;1,812
ID2687672;2687672;193;40,464;339,3;590,2;0;194400;324;7;1;710,194;11,722;1725,099;7,048;None;None;None;None;None;None;-10921639;1725,099;1877;183;2679;712466;624,281;11,114;0,49;1,818
ID2688942;2688942;193;40,377;340,6;590,2;0;195000;325;7;1;762,383;11,947;1813,642;7,412;None;None;None;None;None;None;-10921639;1813,642;1980;286;2699;749034;557,159;11,211;0,492;2,148
ID2688093;2688093;193;39,568;340,6;588,9;0;195600;326;7;1;779,397;11,194;1849,15;8,588;None;None;None;None;None;None;-10921639;1849,15;2002;470;2624;763699;511,723;11,249;0,477;2,333
ID2688518;2688518;193;39,362;341,9;589,55;0;196200;327;7;1;791,913;10,772;1856,184;7,818;None;None;None;None;None;None;-10921639;1856,184;2007;294;2666;766604;544,415;11,21;0,455;2,131
ID2689364;2689364;193;36,972;342,55;588,9;0;196800;328;7;1;754,971;12,22;1806,235;8,274;None;None;None;None;None;None;-10921639;1806,235;1968;208;2604;745975;556,73;11,141;0,408;1,88
ID2689781;2689781;193;36,94;343,2;588,25;0;197400;329;7;1;764,22;12,419;1798,462;9,15;None;None;None;None;None;None;-10921639;1798,462;1990;219;2616;742765;616,262;11,105;0,397;1,66
ID2690198;2690198;193;37,482;343,85;588,9;0;198000;330;7;1;757,622;11,646;1796,046;7,479;None;None;None;None;None;None;-10921639;1796,046;1967;196;2627;741767;589,704;11,139;0,416;1,79
ID2690608;2690608;193;37,39;343,85;588,9;0;198600;331;7;1;762,075;11,327;1806,554;7,886;None;None;None;None;None;None;-10921639;1806,554;1988;183;2569;746107;577,259;11,154;0,421;1,854
ID2691017;2691017;193;37,444;343,85;589,55;0;199200;332;7;1;751,455;9,99;1784,918;7,855;None;None;None;None;None;None;-10921639;1784,918;1957;230;2607;737171;597,226;11,147;0,423;1,777
ID2691430;2691430;193;38,071;343,2;590,85;0;199800;333;7;1;760,753;11,131;1797,835;9,351;None;None;None;None;None;None;-10921639;1797,835;1989;219;2613;742506;604,798;11,137;0,426;1,775
ID2691836;2691836;193;37,975;343,2;590,85;0;200400;334;7;1;731,14;11,31;1761,383;7,663;None;None;None;None;None;None;-10921639;1761,383;1961;183;2561;727451;593,98;11,144;0,446;1,83
ID2692242;2692242;193;37,119;343,2;590,2;0;201000;335;7;1;737,489;10,576;1775,075;7,763;None;None;None;None;None;None;-10921639;1775,075;1955;208;2573;733106;576,97;11,145;0,426;1,838
ID2692644;2692644;193;37,885;343,85;590,85;0;201600;336;7;1;764,596;11,034;1809,649;7,504;None;None;None;None;None;None;-10921639;1809,649;1979;219;2577;747385;573,219;11,127;0,423;1,876
ID2693057;2693057;193;37,063;343,85;590,2;0;202200;337;7;1;724,901;10,983;1755,237;7,758;None;None;None;None;None;None;-10921639;1755,237;1936;230;2512;724913;577,755;11,134;0,424;1,809
ID2693884;2693884;193;37,405;343,2;588,9;0;202800;338;7;1;747,039;11,407;1789,707;7,884;None;None;None;None;None;None;-10921639;1789,707;1969;208;2540;739149;575,101;11,141;0,419;1,839
ID2693467;2693467;193;37,113;343,85;589,55;0;203400;339;7;1;758,08;11,153;1813,591;8,768;None;None;None;None;None;None;-10921639;1813,591;1978;286;2484;749013;545,296;11,166;0,413;1,943
ID2694298;2694298;193;37,64;343,85;588,9;0;204000;340;7;1;775,78;11,654;1831,768;7,688;None;None;None;None;None;None;-10921639;1831,768;2002;286;2514;756520;562,874;11,147;0,411;1,895
ID2694709;2694709;193;38,399;343,85;588,9;0;204600;341;7;1;794,3;11,191;1857,947;8,262;None;None;None;None;None;None;-10921639;1857,947;2026;277;2532;767332;554,33;11,179;0,424;1,996
ID2695119;2695119;193;37,374;343,85;589,55;0;205200;342;7;1;762,441;11,482;1824,777;7,969;None;None;None;None;None;None;-10921639;1824,777;1995;317;2487;753633;527,784;11,176;0,418;2,038
ID2695539;2695539;193;38,103;343,85;590,2;0;205800;343;7;1;744,588;10,959;1789,383;8,368;None;None;None;None;None;None;-10921639;1789,383;1962;250;2433;739015;554,725;11,192;0,453;2,01
ID2695958;2695958;193;37,43;343,2;589,55;0;206400;344;7;1;729,31;10,869;1777,513;8,702;None;None;None;None;None;None;-10921639;1777,513;1946;196;2405;734113;520,005;11,206;0,446;2,11
ID2696371;2696371;193;37,643;343,2;589,55;0;207000;345;7;1;745,521;11,453;1807,433;8,504;None;None;None;None;None;None;-10921639;1807,433;1982;360;2424;746470;500,265;11,24;0,453;2,253
ID2697197;2697197;193;38,362;342,55;590,2;0;207600;346;7;1;761,455;10,772;1834,627;7,751;None;None;None;None;None;None;-10921639;1834,627;1978;422;2423;757701;467,226;11,277;0,468;2,505
ID2696782;2696782;193;38,914;341,9;589,55;0;208200;347;7;1;768,029;12,608;1830,981;8,252;None;None;None;None;None;None;-10921639;1830,981;2005;449;2469;756195;512,312;11,265;0,479;2,315
ID2697600;2697600;193;37,5;342,55;590,2;0;208800;348;7;1;730,659;11,649;1775,981;7,831;None;None;None;None;None;None;-10921639;1775,981;1955;277;2479;733480;537,698;11,206;0,454;2,062
ID2698016;2698016;193;37,589;341,9;589,55;0;209400;349;7;1;745,959;10,119;1798,579;7,475;None;None;None;None;None;None;-10921639;1798,579;1966;380;2447;742813;523,928;11,229;0,452;2,138
ID2698429;2698429;193;36,573;341,9;588,25;0;210000;350;7;1;722,76;11,462;1763,228;9,235;None;None;None;None;None;None;-10921639;1763,228;1969;386;2478;728213;546,798;11,251;0,452;2,009
ID2698845;2698845;193;37,652;342,55;588,9;0;210600;351;7;1;751,518;10,864;1793,969;7,387;None;None;None;None;None;None;-10921639;1793,969;1989;286;2489;740909;577,084;11,169;0,432;1,875
ID2699246;2699246;193;35,093;342,55;589,55;0;211200;352;7;1;697,465;11,751;1716,194;8,453;None;None;None;None;None;None;-10921639;1716,194;1921;219;2384;708788;593,016;11,117;0,398;1,648
ID2699656;2699656;193;35,086;342,55;590,2;0;211800;353;7;1;652,395;11,545;1648,806;7,983;None;None;None;None;None;None;-10921639;1648,806;1801;169;2406;680957;597,348;11,071;0,403;1,587
ID2700071;2700071;193;36,165;342,55;590,2;0;212400;354;7;1;659,668;11,068;1644,547;7,879;None;None;None;None;None;None;-10921639;1644,547;1792;138;2440;679198;631,764;11,063;0,421;1,542
ID2700481;2700481;193;34,293;342,55;590,2;0;213000;355;7;1;626,257;10,247;1606,581;8,308;None;None;None;None;None;None;-10921639;1606,581;1779;138;2334;663518;596,909;11,069;0,404;1,548
ID2701296;2701296;193;35,008;343,2;590,85;0;213600;356;7;1;639,356;10,666;1618,668;7,266;None;None;None;None;None;None;-10921639;1618,668;1770;138;2468;668510;629,335;8,54;0,396;1,458
ID2700884;2700884;193;33,996;343,2;590,85;0;214200;357;7;1;632,731;10,254;1607,492;8,429;None;None;None;None;None;None;-10921639;1607,492;1763;98;2497;663894;624,976;8,527;0,377;1,408
ID2701707;2701707;193;35,445;343,2;591,5;0;214800;358;7;1;658,877;10,942;1633,857;7,395;None;None;None;None;None;None;-10921639;1633,857;1778;98;2656;674783;662,604;8,523;0,379;1,356
ID2702129;2702129;193;35,603;343,85;591,5;0;215400;359;7;1;669,264;12,235;1655,31;7,685;None;None;None;None;None;None;-10921639;1655,31;1765;196;2695;683643;645,641;8,527;0,376;1,4
ID2702535;2702535;193;34,958;343,2;590,85;0;216000;360;7;1;635,525;10,906;1615,496;8,15;None;None;None;None;None;None;-10921639;1615,496;1675;183;2640;667200;624,908;8,518;0,381;1,426
ID2702946;2702946;193;34,556;343,85;591,5;0;216600;361;7;1;642,053;10,366;1637,484;7,605;None;None;None;None;None;None;-10921639;1637,484;1758;208;2573;676281;599,138;11,056;0,382;1,511
ID2703360;2703360;193;34,016;343,2;592,15;0;217200;362;7;1;615,768;10,366;1592,005;8,487;None;None;None;None;None;None;-10921639;1592,005;1747;138;2481;657498;608,798;11,089;0,403;1,502
ID2703770;2703770;193;33,71;343,2;592,15;0;217800;363;7;1;615,01;11,956;1599,823;7,107;None;None;None;None;None;None;-10921639;1599,823;1749;230;2466;660727;586,107;11,099;0,403;1,568
ID2704583;2704583;193;32,721;343,2;590,85;0;218400;364;7;1;616,54;10,586;1602,525;8,288;None;None;None;None;None;None;-10921639;1602,525;1763;268;2412;661843;577,538;11,129;0,393;1,566
ID2704174;2704174;193;34,482;343,2;589,55;0;219000;365;7;1;686,896;13,126;1700,935;8,632;None;None;None;None;None;None;-10921639;1700,935;1883;219;2448;702486;584,365;11,166;0,399;1,659
ID2705000;2705000;193;31,702;343,85;590,2;0;219600;366;7;1;614,172;11,564;1615,281;8,789;None;None;None;None;None;None;-10921639;1615,281;1758;250;2351;667111;534,41;11,124;0,364;1,613
ID2705406;2705406;193;31,248;343,85;590,2;0;220200;367;7;1;619,504;11,69;1626,458;8,763;None;None;None;None;None;None;-10921639;1626,458;1767;219;2379;671727;535,426;11,056;0,342;1,547
ID2705806;2705806;193;29,861;343,85;588,9;0;220800;368;7;1;620,051;11,375;1645,988;9,215;None;None;None;None;None;None;-10921639;1645,988;1771;230;2299;679793;484,889;11,08;0,326;1,669
ID2706219;2706219;193;31,17;343,85;589,55;0;221400;369;7;1;628,944;12,869;1634,121;8,036;None;None;None;None;None;None;-10921639;1634,121;1789;138;2397;674892;555,674;11,061;0,336;1,481
ID2706636;2706636;193;32,249;343,2;589,55;0;222000;370;7;1;637,363;11,455;1648,458;8,78;None;None;None;None;None;None;-10921639;1648,458;1790;230;2435;680813;556,943;11,043;0,347;1,524
ID2707052;2707052;193;32,25;343,2;589,55;0;222600;371;7;1;664,864;11,247;1702,569;7,852;None;None;None;None;None;None;-10921639;1702,569;1804;302;2433;703161;505,515;11,077;0,345;1,727
ID2707457;2707457;193;32,698;343,2;590,2;0;223200;372;7;1;657,126;11,705;1674,215;8,671;None;None;None;None;None;None;-10921639;1674,215;1793;230;2438;691451;567,703;8,529;0,349;1,525
ID2707870;2707870;193;33,611;343,85;589,55;0;223800;373;7;1;692,487;10,734;1721,484;7,947;None;None;None;None;None;None;-10921639;1721,484;1837;208;2505;710973;562,681;8,545;0,353;1,596
ID2708284;2708284;193;33,055;343,85;589,55;0;224400;374;7;1;688,85;10,349;1727,082;8,995;None;None;None;None;None;None;-10921639;1727,082;1842;240;2478;713285;527,277;11,096;0,356;1,721
ID2708696;2708696;193;32,985;343,85;589,55;0;225000;375;7;1;684,736;11,908;1724,983;10,518;None;None;None;None;None;None;-10921639;1724,983;1825;268;2541;712418;518,854;11,098;0,353;1,734
ID2709508;2709508;193;32,669;343,2;588,9;0;225600;376;7;1;678,295;10,167;1699,378;9,249;None;None;None;None;None;None;-10921639;1699,378;1839;196;2437;701843;540,165;11,123;0,359;1,664
ID2709104;2709104;193;32,664;343,85;588,9;0;226200;377;7;1;691,114;10,438;1727,143;9,998;None;None;None;None;None;None;-10921639;1727,143;1876;294;2496;713310;526,532;11,152;0,36;1,738
ID2709915;2709915;193;31,346;343,85;589,55;0;226800;378;7;1;654,77;11,62;1672,78;9,254;None;None;None;None;None;None;-10921639;1672,78;1806;196;2466;690858;531,114;11,158;0,354;1,647
ID2710320;2710320;193;30,153;343,85;588,9;0;227400;379;7;1;673,511;10,872;1713,852;9,429;None;None;None;None;None;None;-10921639;1713,852;1802;310;2536;707821;478,414;11,186;0,339;1,813
ID2710733;2710733;193;28,662;343,85;586,3;0;228000;380;7;1;690,821;10,535;1760,324;9,303;None;None;None;None;None;None;-10921639;1760,324;1809;753;2512;727014;370,594;11,297;0,329;2,349
ID2711148;2711148;193;27,658;344,5;586,95;0;228600;381;7;1;646,596;12,709;1693,831;9,254;None;None;None;None;None;None;-10921639;1693,831;1789;475;2454;699552;409,598;11,174;0,307;1,942
ID2711560;2711560;193;27,892;344,5;586,3;0;229200;382;7;1;664,264;12,215;1720,62;8,567;None;None;None;None;None;None;-10921639;1720,62;1782;697;2512;710616;380,461;11,244;0,313;2,158
ID2711972;2711972;193;27,563;343,2;587,6;0;229800;383;7;1;628,705;12,772;1654,269;9,315;None;None;None;None;None;None;-10921639;1654,269;1756;373;2237;683213;444,211;11,126;0,299;1,714
ID2712383;2712383;193;26,482;343,2;586,95;0;230400;384;7;1;643,121;12,063;1690,738;9,598;None;None;None;None;None;None;-10921639;1690,738;1777;559;2395;698275;393,528;11,188;0,287;1,916
ID2712787;2712787;193;27,496;342,55;586,3;0;231000;385;7;1;644,961;11,734;1678,823;10,136;None;None;None;None;None;None;-10921639;1678,823;1767;416;2398;693354;438,509;11,203;0,308;1,804
ID2713193;2713193;193;25,215;343,2;586,95;0;231600;386;7;1;602,441;12,327;1637,961;9,416;None;None;None;None;None;None;-10921639;1637,961;1722;567;2288;676478;372,97;11,187;0,284;1,943
ID2713587;2713587;193;25,913;343,2;586,3;0;232200;387;7;1;609,002;12,852;1640,194;9,077;None;None;None;None;None;None;-10921639;1640,194;1731;541;2374;677400;401,669;11,196;0,29;1,838
ID2713980;2713980;193;25,398;343,2;586,95;0;232800;388;7;1;594,143;13,029;1614,668;10,881;None;None;None;None;None;None;-10921639;1614,668;1718;404;2330;666858;421,324;11,181;0,283;1,692
ID2714382;2714382;193;25,004;343,2;586,3;0;233400;389;7;1;595,797;12,508;1621,392;9,954;None;None;None;None;None;None;-10921639;1621,392;1709;608;2367;669635;384,491;11,241;0,288;1,888
ID2715182;2715182;193;24,659;343,2;586,95;0;234000;390;7;1;545,034;12,765;1539,906;8,755;None;None;None;None;None;None;-10921639;1539,906;1636;528;2309;635981;394,579;11,21;0,29;1,754
ID2714783;2714783;193;25,163;342,55;586,3;0;234600;391;7;1;574,252;11,148;1576,758;9,966;None;None;None;None;None;None;-10921639;1576,758;1656;519;2333;651201;416,554;11,182;0,284;1,675
ID2715584;2715584;193;26,723;341,9;587,6;0;235200;392;7;1;569,45;12,172;1573,162;9,23;None;None;None;None;None;None;-10921639;1573,162;1686;449;2206;649716;417,152;11,171;0,309;1,782
ID2715991;2715991;193;26,523;340,6;585,65;0;235800;393;7;1;578,24;13,826;1588,659;9,458;None;None;None;None;None;None;-10921639;1588,659;1698;588;2215;656116;402,749;11,199;0,313;1,881
ID2716401;2716401;193;27,003;339,95;585;0;236400;394;7;1;598,276;11,523;1622,189;10,199;None;None;None;None;None;None;-10921639;1622,189;1706;505;2192;669964;393,075;11,224;0,324;2,018
ID2716806;2716806;193;26,488;340,6;584,35;0;237000;395;7;1;588,487;11,242;1602,448;9,099;None;None;None;None;None;None;-10921639;1602,448;1705;643;2234;661811;398,276;11,201;0,311;1,908
ID2717205;2717205;193;26,454;341,25;583,7;0;237600;396;7;1;630,462;12,574;1659,196;11,121;None;None;None;None;None;None;-10921639;1659,196;1763;616;2330;685248;415,471;11,198;0,291;1,8
ID2717609;2717609;193;26,432;341,9;585;0;238200;397;7;1;613,722;14,3;1636,521;9,479;None;None;None;None;None;None;-10921639;1636,521;1729;495;2434;675883;429,591;11,201;0,299;1,752
ID2718011;2718011;193;28,06;341,9;583,7;0;238800;398;7;1;678,073;13,552;1729,448;9,036;None;None;None;None;None;None;-10921639;1729,448;1786;639;2598;714262;435,817;11,282;0,317;1,91
ID2718415;2718415;193;28,764;342,55;584,35;0;239400;399;7;1;667,477;13,363;1702,029;8,751;None;None;None;None;None;None;-10921639;1702,029;1806;485;2570;702938;477,112;11,193;0,31;1,687
ID2718818;2718818;193;27,351;343,2;585;0;240000;400;7;1;621,458;11,949;1636,01;9,266;None;None;None;None;None;None;-10921639;1636,01;1741;360;2450;675672;480,901;11,146;0,296;1,556
ID2719223;2719223;193;28,68;343,85;583,05;0;240600;401;7;1;684,814;13,68;1736,462;10,315;None;None;None;None;None;None;-10921639;1736,462;1834;537;2434;717159;464,885;11,122;0,287;1,667
ID2719640;2719640;193;29,681;344,5;581,75;0;241200;402;7;1;763,433;11,915;1842,274;10,126;None;None;None;None;None;None;-10921639;1842,274;1929;797;2536;760859;430,812;11,225;0,3;1,972
ID2720052;2720052;193;30,37;344,5;582,4;0;241800;403;7;1;759,489;12,484;1836,785;9,702;None;None;None;None;None;None;-10921639;1836,785;1921;809;2544;758592;437,219;11,214;0,312;1,997
ID2721258;2721258;193;28,309;345,8;582,4;0;242400;404;7;1;715,562;13,051;1780,932;8,976;None;None;None;None;None;None;-10921639;1780,932;1852;658;2463;735525;443,065;11,131;0,274;1,73
ID2720454;2720454;193;27,711;345,15;581,1;0;243000;405;7;1;719,896;13,005;1785,201;8,441;None;None;None;None;None;None;-10921639;1785,201;1847;661;2528;737288;437,938;11,146;0,265;1,708
ID2720858;2720858;193;28,28;345,15;579,8;0;243600;406;7;1;777,443;13,465;1866,048;8,915;None;None;None;None;None;None;-10921639;1866,048;1924;809;2605;770678;424,4;11,257;0,264;1,839
ID2721660;2721660;193;27,421;345,8;579,15;0;244200;407;7;1;797,131;11,925;1883,438;8,799;None;None;None;None;None;None;-10921639;1883,438;1955;654;2680;777860;444,08;11,294;0,248;1,688
ID2722063;2722063;193;27,764;345,8;578,5;0;244800;408;7;1;799,334;12,332;1897,332;8,801;None;None;None;None;None;None;-10921639;1897,332;1942;711;2663;783598;424,077;11,282;0,254;1,811
ID2722469;2722469;193;26,228;345,8;579,8;0;245400;409;7;1;735,775;13,794;1806,245;11,203;None;None;None;None;None;None;-10921639;1806,245;1872;650;2636;745979;461,927;8,468;0,224;1,431
ID2722870;2722870;193;25,232;346,45;580,45;0;246000;410;7;1;729,593;13,215;1804,288;9,937;None;None;None;None;None;None;-10921639;1804,288;1863;697;2588;745171;441,571;8,452;0,213;1,436
ID2723271;2723271;193;26,681;345,15;578,5;0;246600;411;7;1;745,608;12,724;1797,257;11;None;None;None;None;None;None;-10921639;1797,257;1919;332;2656;742267;531,557;8,491;0,224;1,237
ID2723671;2723671;193;27,433;345,15;577,85;0;247200;412;7;1;763,044;14,383;1820,569;9,554;None;None;None;None;None;None;-10921639;1820,569;1891;480;2739;751895;541,121;8,473;0,216;1,195
ID2724066;2724066;193;27,556;345,15;577,85;0;247800;413;7;1;782,944;13,278;1829,525;9,932;None;None;None;None;None;None;-10921639;1829,525;1910;302;2789;755594;581,437;8,421;0,208;1,085
ID2724459;2724459;193;29,711;345,15;577,2;0;248400;414;7;1;770,334;12,753;1809,966;8,436;None;None;None;None;None;None;-10921639;1809,966;1883;317;2749;747516;607,584;8,485;0,235;1,134
ID2725270;2725270;193;29,987;345,15;575,9;0;249000;415;7;1;793,349;15,278;1839,109;10,172;None;None;None;None;None;None;-10921639;1839,109;1934;427;2767;759552;622,828;8,454;0,234;1,12
ID2724865;2724865;193;29,474;345,15;575,9;0;249600;416;7;1;805,334;13,855;1860,961;9,753;None;None;None;None;None;None;-10921639;1860,961;1941;373;2764;768577;587,857;8,442;0,229;1,18
ID2725676;2725676;193;31,339;345,8;576,55;0;250200;417;7;1;812,298;12,857;1875,944;8,785;None;None;None;None;None;None;-10921639;1875,944;1955;367;2735;774765;564,481;8,491;0,256;1,356
ID2726085;2726085;193;32,964;345,8;576,55;0;250800;418;7;1;852,31;11,961;1912,339;9,293;None;None;None;None;None;None;-10921639;1912,339;1965;416;2822;789796;603,658;8,493;0,266;1,332
ID2726492;2726492;193;34,11;345,8;575,9;0;251400;419;7;1;863,935;13,005;1901,918;8,821;None;None;None;None;None;None;-10921639;1901,918;2017;317;2875;785492;675,46;8,495;0,28;1,233
ID2726903;2726903;193;36,544;345,8;577,2;0;252000;420;7;1;900,111;12,964;1944,993;8,458;None;None;None;None;None;None;-10921639;1944,993;2044;310;2925;803282;686,581;8,518;0,301;1,31
ID2727311;2727311;193;35,569;345,8;577,2;0;252600;421;7;1;859,361;13,424;1880,324;9,707;None;None;None;None;None;None;-10921639;1880,324;2011;240;2910;776574;725,341;8,491;0,299;1,194
ID2727731;2727731;193;36,204;345,8;576,55;0;253200;422;7;1;861,075;14,39;1897,407;8,63;None;None;None;None;None;None;-10921639;1897,407;1973;360;2876;783629;681,045;8,494;0,306;1,305
ID2728141;2728141;193;38,353;345,15;577,85;0;253800;423;7;1;902,588;12,62;1935,295;8,276;None;None;None;None;None;None;-10921639;1935,295;2064;268;2934;799277;713,894;8,529;0,331;1,348
ID2728548;2728548;193;38,606;345,15;577,85;0;254400;424;7;1;925,499;12,107;1973,32;8,891;None;None;None;None;None;None;-10921639;1973,32;2068;398;2969;814981;683,638;8,519;0,328;1,427
ID2728951;2728951;193;37,948;344,5;577,2;0;255000;425;7;1;899,291;11,806;1955,869;7,709;None;None;None;None;None;None;-10921639;1955,869;2071;360;2880;807774;638,344;8,532;0,34;1,556
ID2729366;2729366;193;36,652;344,5;577,85;0;255600;426;7;1;867,155;13,479;1908,864;8,86;None;None;None;None;None;None;-10921639;1908,864;2018;373;2880;788361;657,856;8,517;0,324;1,421
ID2729779;2729779;193;38,675;343,85;577,85;0;256200;427;7;1;918,952;12,496;1965,755;9,027;None;None;None;None;None;None;-10921639;1965,755;2084;317;2939;811857;683,214;8,531;0,342;1,466
ID2730600;2730600;193;38,258;344,5;577,2;0;256800;428;7;1;892,116;12,99;1940,174;7,903;None;None;None;None;None;None;-10921639;1940,174;2086;346;2835;801292;651,847;11,04;0,349;1,542
ID2730190;2730190;193;36,571;344,5;577,85;0;257400;429;7;1;851,254;12,78;1884,312;8,409;None;None;None;None;None;None;-10921639;1884,312;2058;310;2781;778221;677,237;11,027;0,336;1,399
ID2730997;2730997;193;35,863;344,5;577,85;0;258000;430;7;1;849,821;13,685;1892,14;8,838;None;None;None;None;None;None;-10921639;1892,14;2047;332;2753;781454;646,876;11,027;0,324;1,433
ID2731797;2731797;193;36,192;345,15;577,2;0;258600;431;7;1;859,959;12,673;1907,235;8,937;None;None;None;None;None;None;-10921639;1907,235;2063;367;2708;787688;637,913;11,053;0,332;1,492
ID2731399;2731399;193;36,546;344,5;577,2;0;259200;432;7;1;881,78;13,075;1928,351;9,4;None;None;None;None;None;None;-10921639;1928,351;2112;294;2776;796409;658,138;11,088;0,338;1,481
ID2732202;2732202;193;36,798;344,5;577,2;0;259800;433;7;1;883,513;12,397;1925,327;8,915;None;None;None;None;None;None;-10921639;1925,327;2106;339;2784;795160;670,107;8,528;0,336;1,446
ID2733018;2733018;193;36,718;344,5;576,55;0;260400;434;7;1;900,668;13,741;1950,378;9,644;None;None;None;None;None;None;-10921639;1950,378;2103;386;2866;805506;669,422;8,536;0,319;1,408
ID2732607;2732607;193;37,035;343,85;575,9;0;261000;435;7;1;861,421;12,845;1882,138;8,564;None;None;None;None;None;None;-10921639;1882,138;2038;259;2891;777323;718,717;8,505;0,33;1,299
ID2733427;2733427;193;35,312;344,5;575,25;0;261600;436;7;1;848,668;11,479;1874,065;9,073;None;None;None;None;None;None;-10921639;1874,065;2012;259;2906;773989;707,159;8,479;0,294;1,205
ID2733829;2733829;193;35,061;344,5;575,25;0;262200;437;7;1;870,167;14;1901,341;9,395;None;None;None;None;None;None;-10921639;1901,341;2057;310;2914;785254;707,256;8,485;0,293;1,217
ID2734238;2734238;193;35,041;345,15;575,25;0;262800;438;7;1;888,487;13,312;1933,169;8,872;None;None;None;None;None;None;-10921639;1933,169;2080;317;2872;798399;681,734;8,506;0,293;1,284
ID2734642;2734642;193;35,073;345,8;574,6;0;263400;439;7;1;879,722;13,874;1933,956;9,349;None;None;None;None;None;None;-10921639;1933,956;2026;373;2914;798724;647,048;8,511;0,289;1,339
ID2735053;2735053;193;33,347;345,8;574,6;0;264000;440;7;1;870,039;12,683;1919,7;9,504;None;None;None;None;None;None;-10921639;1919,7;2024;346;2875;792836;644,689;8,505;0,269;1,263
ID2735459;2735459;193;33,185;345,8;574,6;0;264600;441;7;1;896,738;11,039;1961,184;9,789;None;None;None;None;None;None;-10921639;1961,184;2052;386;2863;809969;621,385;8,52;0,261;1,305
ID2735865;2735865;193;33,652;345,8;575,25;0;265200;442;7;1;933,138;14,942;1993,383;9,298;None;None;None;None;None;None;-10921639;1993,383;2104;346;2865;823267;659,867;8,528;0,265;1,266
ID2736266;2736266;193;33,954;345,8;574,6;0;265800;443;7;1;966,513;13,881;2037,177;9,717;None;None;None;None;None;None;-10921639;2037,177;2183;367;2891;841354;643,765;11,053;0,272;1,355
ID2736669;2736669;193;33,948;345,8;574,6;0;266400;444;7;1;928,368;13,085;1997,022;8,559;None;None;None;None;None;None;-10921639;1997,022;2118;310;2854;824770;632,965;8,563;0,27;1,342
ID2737074;2737074;193;36,608;345,8;573,95;0;267000;445;7;1;979,63;12,024;2044,165;8,458;None;None;None;None;None;None;-10921639;2044,165;2171;302;2943;844240;653,249;11,051;0,301;1,449
ID2737474;2737474;193;36,115;346,45;573,3;0;267600;446;7;1;982,153;13,475;2053,133;7,985;None;None;None;None;None;None;-10921639;2053,133;2156;404;3011;847944;652,491;8,555;0,281;1,382
ID2737879;2737879;193;37,359;347,1;573,3;0;268200;447;7;1;978,041;11,927;2036,959;9,019;None;None;None;None;None;None;-10921639;2036,959;2157;294;2974;841264;674,161;11,047;0,309;1,427
ID2738286;2738286;193;37,849;347,1;573,95;0;268800;448;7;1;942,557;12,513;2016,886;9,274;None;None;None;None;None;None;-10921639;2016,886;2149;386;2866;832974;613,1;11,125;0,341;1,671
ID2738692;2738692;193;38,006;345,8;573,3;0;269400;449;7;1;984,15;11,324;2045,617;8,516;None;None;None;None;None;None;-10921639;2045,617;2222;259;2904;844840;667,555;11,105;0,33;1,522
ID2739100;2739100;193;38,533;346,45;573,95;0;270000;450;7;1;973,08;12,516;2035,787;10,31;None;None;None;None;None;None;-10921639;2035,787;2208;259;2920;840780;672,993;11,076;0,335;1,518
ID2739506;2739506;193;38,753;345,8;573,95;0;270600;451;7;1;959,092;11,337;2022,68;9,816;None;None;None;None;None;None;-10921639;2022,68;2182;332;2862;835367;655,01;11,141;0,359;1,63
ID2739913;2739913;193;39,748;345,8;573,95;0;271200;452;7;1;949,358;13,785;2011,627;9,186;None;None;None;None;None;None;-10921639;2011,627;2174;325;2876;830802;661,891;11,143;0,374;1,653
ID2740316;2740316;193;39,967;345,8;573,95;0;271800;453;7;1;943,022;12,068;1999,923;9,886;None;None;None;None;None;None;-10921639;1999,923;2149;219;2871;825968;664,042;11,19;0,387;1,681
ID2740722;2740722;193;38,606;345,8;573,3;0;272400;454;7;1;908,547;12,136;1969,639;8,564;None;None;None;None;None;None;-10921639;1969,639;2131;310;2833;813461;638,137;11,189;0,379;1,696
ID2741121;2741121;193;38,49;345,8;573,95;0;273000;455;7;1;884,383;11,952;1938,47;10,446;None;None;None;None;None;None;-10921639;1938,47;2122;277;2837;800588;642,52;11,168;0,379;1,659
ID2741523;2741523;193;38,493;347,1;573,3;0;273600;456;7;1;897,254;13,155;1959,346;8,094;None;None;None;None;None;None;-10921639;1959,346;2131;325;2809;809210;637,351;11,13;0,371;1,663
ID2741925;2741925;193;37,858;347,75;573,3;0;274200;457;7;1;865,019;12,881;1931,317;8,092;None;None;None;None;None;None;-10921639;1931,317;2078;310;2758;797634;594,239;11,158;0,376;1,776
ID2742330;2742330;193;38;348,4;573,95;0;274800;458;7;1;899,835;13,729;1965,661;8,695;None;None;None;None;None;None;-10921639;1965,661;2126;240;2816;811818;628,379;11,132;0,361;1,66
ID2743951;2743951;193;37,03;348,4;572,65;0;275400;459;7;1;875,189;13,39;1938,816;8,08;None;None;None;None;None;None;-10921639;1938,816;2098;277;2731;800731;596,531;11,194;0,367;1,746
ID2744772;2744772;193;37,332;349,05;573,95;0;276000;460;7;1;889,208;12,153;1965,051;9,354;None;None;None;None;None;None;-10921639;1965,051;2122;373;2735;811566;566,689;11,182;0,367;1,863
ID2742741;2742741;193;38,791;349,05;573,95;0;276600;461;7;1;902,528;12,182;1983,31;9,489;None;None;None;None;None;None;-10921639;1983,31;2135;360;2752;819107;548,705;11,212;0,394;2,043
ID2743152;2743152;193;39,705;348,4;573,95;0;277200;462;7;1;909,048;12,533;1972,722;8,969;None;None;None;None;None;None;-10921639;1972,722;2153;310;2747;814734;616,89;11,178;0,402;1,833
ID2743554;2743554;193;39,292;348,4;573,3;0;277800;463;7;1;894,019;11,69;1956,758;8,707;None;None;None;None;None;None;-10921639;1956,758;2133;325;2762;808141;606,769;11,182;0,4;1,841
ID2744360;2744360;193;38,079;349,05;573,3;0;278400;464;7;1;844,729;11,603;1892,4;8,886;None;None;None;None;None;None;-10921639;1892,4;2065;277;2705;781561;620,529;11,126;0,387;1,701
ID2745179;2745179;193;38,914;349,05;573,3;0;279000;465;7;1;850,002;11,557;1903,37;7,969;None;None;None;None;None;None;-10921639;1903,37;2071;268;2723;786092;612,983;11,145;0,402;1,781
ID2745589;2745589;193;38,677;349,7;572,65;0;279600;466;7;1;848,828;12,034;1899,91;8,542;None;None;None;None;None;None;-10921639;1899,91;2086;277;2734;784663;626,326;11,133;0,397;1,725
ID2745988;2745988;193;38,809;349,7;572,65;0;280200;467;7;1;829,787;13,794;1862,644;9,203;None;None;None;None;None;None;-10921639;1862,644;2068;219;2715;769272;663,84;11,099;0,399;1,6
ID2746396;2746396;193;38,723;350,35;572,65;0;280800;468;7;1;836,695;11,91;1881,823;8,908;None;None;None;None;None;None;-10921639;1881,823;2056;302;2767;777193;641,348;11,075;0,385;1,63
ID2746811;2746811;193;39,747;350,35;573,3;0;281400;469;7;1;819,494;11,547;1857,015;7,697;None;None;None;None;None;None;-10921639;1857,015;2024;302;2764;766947;650,184;11,07;0,407;1,653
ID2747216;2747216;193;38,291;351;572,65;0;282000;470;7;1;802,196;11,939;1830,276;9,39;None;None;None;None;None;None;-10921639;1830,276;2011;250;2707;755904;658,821;11,054;0,39;1,558
ID2747628;2747628;193;38,81;351;573,3;0;282600;471;7;1;797,257;11,789;1803,504;9,55;None;None;None;None;None;None;-10921639;1803,504;1996;183;2776;744847;712,773;8,528;0,389;1,417
ID2748039;2748039;193;39,031;351,65;573,3;0;283200;472;7;1;834,528;11,104;1861,608;9,574;None;None;None;None;None;None;-10921639;1861,608;2038;310;2854;768844;686,907;8,548;0,377;1,485
ID2748440;2748440;193;36,851;351,65;572,65;0;283800;473;7;1;793,087;11,264;1798,7;9,634;None;None;None;None;None;None;-10921639;1798,7;1980;196;2834;742863;710,315;8,506;0,356;1,329
ID2748849;2748849;193;36,175;352,3;573,3;0;284400;474;7;1;802,259;12,547;1803,407;7,719;None;None;None;None;None;None;-10921639;1803,407;1989;169;2812;744807;731,602;8,487;0,333;1,231
ID2749263;2749263;193;36,357;352,3;572,65;0;285000;475;7;1;787,881;11,416;1800,939;7,671;None;None;None;None;None;None;-10921639;1800,939;1988;196;2761;743788;681,437;8,524;0,356;1,387
ID2750502;2750502;193;36,446;352,3;572,65;0;285600;476;7;1;784,869;12,559;1774,571;8,797;None;None;None;None;None;None;-10921639;1774,571;1982;196;2832;732898;753,322;8,481;0,347;1,214
ID2750088;2750088;193;36,676;352,3;572;0;286200;477;7;1;794,104;11,24;1807,772;7,31;None;None;None;None;None;None;-10921639;1807,772;1957;219;2815;746610;679,758;8,528;0,351;1,383
ID2749673;2749673;193;37,399;351,65;572;0;286800;478;7;1;792,545;13,569;1798,69;7,368;None;None;None;None;None;None;-10921639;1798,69;1972;196;2861;742859;723,724;8,499;0,36;1,315
ID2750915;2750915;193;38,891;351;572;0;287400;479;7;1;842,044;11,942;1850,932;7,966;None;None;None;None;None;None;-10921639;1850,932;2046;196;2898;764435;745,764;8,506;0,379;1,365
ID2751336;2751336;193;36,652;351;570,7;0;288000;480;7;1;803,262;11,99;1812,966;8,654;None;None;None;None;None;None;-10921639;1812,966;1952;219;2862;748755;709,401;8,484;0,35;1,324
ID2751757;2751757;193;36,721;351;570,7;0;288600;481;7;1;815,368;10,993;1817,673;8,143;None;None;None;None;None;None;-10921639;1817,673;2007;208;2895;750699;743,437;8,476;0,348;1,261
ID2752180;2752180;193;37,002;351;571,35;0;289200;482;7;1;833,145;12,925;1844,862;7,545;None;None;None;None;None;None;-10921639;1844,862;2009;208;2939;761928;731,094;8,484;0,345;1,295
ID2752598;2752598;193;36,792;352,3;572;0;289800;483;7;1;799,058;11,308;1795,751;8,811;None;None;None;None;None;None;-10921639;1795,751;1977;250;2888;741645;733,301;8,476;0,342;1,248
ID2753017;2753017;193;35,869;353,6;573,3;0;290400;484;7;1;789,308;12,007;1781,554;8,153;None;None;None;None;None;None;-10921639;1781,554;1915;169;2913;735782;747,091;8,451;0,307;1,121
ID2753436;2753436;193;36,191;354,25;573,95;0;291000;485;7;1;778,174;12,719;1762,722;8,562;None;None;None;None;None;None;-10921639;1762,722;1874;138;2925;728004;755,491;8,449;0,313;1,112
ID2753846;2753846;193;37,517;353,6;573,95;0;291600;486;7;1;811,663;14,305;1812,816;8,462;None;None;None;None;None;None;-10921639;1812,816;1965;196;2899;748693;744,453;8,476;0,334;1,22
ID2754264;2754264;193;36,201;353,6;573,3;0;292200;487;7;1;799,361;11,339;1811,07;8,167;None;None;None;None;None;None;-10921639;1811,07;1931;219;2872;747972;716,191;8,472;0,323;1,234
ID2754687;2754687;193;37,191;353,6;572,65;0;292800;488;7;1;842,385;12,31;1865,545;7;None;None;None;None;None;None;-10921639;1865,545;2007;219;2922;770470;715,547;8,493;0,324;1,275
ID2755104;2755104;193;36,214;354,25;572,65;0;293400;489;7;1;789,027;13,441;1800,24;8,157;None;None;None;None;None;None;-10921639;1800,24;1900;169;2874;743499;709,971;8,478;0,318;1,224
ID2755523;2755523;193;36,879;353,6;573,3;0;294000;490;7;1;795,576;12,588;1795,015;9,121;None;None;None;None;None;None;-10921639;1795,015;1920;219;2915;741341;748,617;8,467;0,323;1,171
ID2755942;2755942;193;37,777;354,9;573,95;0;294600;491;7;1;807,102;11,598;1803,913;8,148;None;None;None;None;None;None;-10921639;1803,913;1910;169;2945;745016;750,9;8,492;0,332;1,198
ID2756782;2756782;193;38,799;355,55;574,6;0;295200;492;7;1;803,104;12,46;1794,697;8,274;None;None;None;None;None;None;-10921639;1794,697;1874;155;2931;741210;762,865;8,486;0,351;1,224
ID2756364;2756364;193;38,68;355,55;574,6;0;295800;493;7;1;789,295;11,799;1777,833;8,998;None;None;None;None;None;None;-10921639;1777,833;1872;183;2916;734245;758,891;8,499;0,362;1,245
ID2757209;2757209;193;39,076;355,55;574,6;0;296400;494;7;1;777,7;11,092;1766,242;8,523;None;None;None;None;None;None;-10921639;1766,242;1870;169;2878;729458;747,723;8,508;0,376;1,292
ID2757621;2757621;193;38,714;355,55;574,6;0;297000;495;7;1;764,247;12,538;1768,186;7,901;None;None;None;None;None;None;-10921639;1768,186;1878;240;2799;730261;704,862;8,525;0,37;1,356
ID2758035;2758035;193;38,581;356,2;574,6;0;297600;496;7;1;767,695;12,409;1761,249;8,036;None;None;None;None;None;None;-10921639;1761,249;1865;120;2857;727396;730,679;8,509;0,368;1,298
ID2758453;2758453;193;38,055;356,2;575,25;0;298200;497;7;1;774,76;10,959;1743,477;8,14;None;None;None;None;None;None;-10921639;1743,477;1879;120;2906;720056;794;8,48;0,352;1,142
ID2758872;2758872;193;37,002;356,85;575,25;0;298800;498;7;1;752,518;12,087;1728,845;9,056;None;None;None;None;None;None;-10921639;1728,845;1814;138;2834;714013;758,187;8,486;0,348;1,177
ID2759286;2759286;193;37,107;358,15;575,25;0;299400;499;7;1;770,586;10,942;1775,123;8,552;None;None;None;None;None;None;-10921639;1775,123;1919;250;2792;733126;702,653;8,532;0,352;1,316
ID2759701;2759701;193;36,975;358,8;575,9;0;300000;500;7;1;750,31;12,826;1746,109;9,322;None;None;None;None;None;None;-10921639;1746,109;1874;219;2794;721143;708,435;8,536;0,366;1,319
ID2760121;2760121;193;36,656;358,8;575,25;0;300600;501;7;1;755,923;11,218;1750,397;7,845;None;None;None;None;None;None;-10921639;1750,397;1893;155;2746;722914;709,368;8,541;0,358;1,3
ID2760954;2760954;193;36,789;359,45;574,6;0;301200;502;7;1;777,988;11,102;1792,472;8,312;None;None;None;None;None;None;-10921639;1792,472;1921;259;2766;740291;672,359;8,557;0,35;1,381
ID2760541;2760541;193;35,843;359,45;574,6;0;301800;503;7;1;771,584;11,625;1788,879;8,271;None;None;None;None;None;None;-10921639;1788,879;1926;183;2728;738807;668,601;8,555;0,334;1,338
ID2761375;2761375;193;35,877;360,1;574,6;0;302400;504;7;1;774,213;11,944;1771,416;7,998;None;None;None;None;None;None;-10921639;1771,416;1909;138;2733;731595;708,121;8,538;0,331;1,245
ID2761786;2761786;193;35,119;360,75;574,6;0;303000;505;7;1;757,305;13,215;1768,576;8,961;None;None;None;None;None;None;-10921639;1768,576;1899;183;2692;730422;664,788;8,559;0,326;1,309
ID2762202;2762202;193;35,679;360,75;573,95;0;303600;506;7;1;789,465;11,09;1819,903;8,862;None;None;None;None;None;None;-10921639;1819,903;1945;310;2644;751620;639,616;8,569;0,328;1,404
ID2762625;2762625;193;35,703;360,75;575,9;0;304200;507;7;1;777,201;12,215;1795,254;8,167;None;None;None;None;None;None;-10921639;1795,254;1963;196;2625;741440;651,196;11,042;0,349;1,426
ID2763032;2763032;193;34,949;362,05;575,25;0;304800;508;7;1;744,777;11,232;1741,552;8,7;None;None;None;None;None;None;-10921639;1741,552;1883;155;2699;719261;682,478;8,541;0,329;1,264
ID2763883;2763883;193;35,639;362,05;574,6;0;305400;509;7;1;778,613;11,908;1777,116;8,775;None;None;None;None;None;None;-10921639;1777,116;1924;138;2775;733949;713,473;8,536;0,325;1,223
ID2764304;2764304;193;34,797;362,7;575,25;0;306000;510;7;1;788,874;13,69;1784,153;8,455;None;None;None;None;None;None;-10921639;1784,153;1930;98;2814;736855;742,3;8,5;0,293;1,09
ID2763459;2763459;193;34,02;362,7;575,25;0;306600;511;7;1;758,143;12,22;1755,632;8,109;None;None;None;None;None;None;-10921639;1755,632;1841;196;2805;725076;717,555;8,481;0,279;1,066
ID2764727;2764727;193;33,135;363,35;574,6;0;307200;512;7;1;776,714;15,714;1777,145;7,438;None;None;None;None;None;None;-10921639;1777,145;1878;155;2877;733961;737,252;8,439;0,25;0,965
ID2765150;2765150;193;32,766;364;574,6;0;307800;513;7;1;749,477;16,55;1757,622;7,722;None;None;None;None;None;None;-10921639;1757,622;1854;230;2813;725898;699,146;8,468;0,257;1,029
ID2765571;2765571;193;33,342;363,35;574,6;0;308400;514;7;1;759,087;19,855;1753,421;8,128;None;None;None;None;None;None;-10921639;1753,421;1858;169;2895;724163;739,759;8,45;0,258;0,972
ID2765982;2765982;193;31,539;364;573,3;0;309000;515;7;1;759,368;18,477;1781,317;8,189;None;None;None;None;None;None;-10921639;1781,317;1892;268;2807;735684;669,391;8,46;0,244;1,045
ID2766404;2766404;193;32,451;364;573,95;0;309600;516;7;1;765,349;17,942;1790,404;9,305;None;None;None;None;None;None;-10921639;1790,404;1848;310;2809;739437;665,771;8,496;0,251;1,079
ID2766825;2766825;193;32,906;364;575,25;0;310200;517;7;1;755,102;20,283;1784,867;8,16;None;None;None;None;None;None;-10921639;1784,867;1865;250;2749;737150;645,634;8,523;0,268;1,167
ID2767245;2767245;193;32,265;364;575,9;0;310800;518;7;1;767,913;27,145;1808,734;8,709;None;None;None;None;None;None;-10921639;1808,734;1891;310;2742;747007;635,969;8,528;0,261;1,178
ID2767669;2767669;193;32,713;363,35;575,25;0;311400;519;7;1;767,08;27,506;1804,799;8,184;None;None;None;None;None;None;-10921639;1804,799;1891;373;2774;745382;652,524;8,523;0,266;1,161
ID2768086;2768086;193;32,976;363,35;575,9;0;312000;520;7;1;773,535;32,55;1820,925;7,591;None;None;None;None;None;None;-10921639;1820,925;1919;392;2804;752042;650,633;8,525;0,265;1,173
ID2768515;2768515;193;32,438;362,7;575,25;0;312600;521;7;1;760,857;32,68;1815,077;8,392;None;None;None;None;None;None;-10921639;1815,077;1905;416;2733;749627;621,082;8,545;0,266;1,23
ID2768930;2768930;193;31,893;363,35;576,55;0;313200;522;7;1;733,162;33,392;1763,896;7,969;None;None;None;None;None;None;-10921639;1763,896;1850;386;2744;728489;641,506;8,522;0,261;1,139
ID2769344;2769344;193;32,199;364;575,9;0;313800;523;7;1;763,126;30,029;1794,373;9,419;None;None;None;None;None;None;-10921639;1794,373;1868;310;2826;741076;666,358;8,513;0,255;1,095
ID2769760;2769760;193;32,274;364;577,2;0;314400;524;7;1;765,523;32,375;1787,094;8,431;None;None;None;None;None;None;-10921639;1787,094;1910;219;2798;738070;690,248;8,497;0,267;1,091
ID2771000;2771000;193;31,816;365,3;577,2;0;315000;525;7;1;730,605;30,908;1759,973;8,579;None;None;None;None;None;None;-10921639;1759,973;1845;325;2723;726869;637,247;8,524;0,266;1,16
ID2770590;2770590;193;32,804;365,95;577,85;0;315600;526;7;1;762,981;32,969;1809,218;9,593;None;None;None;None;None;None;-10921639;1809,218;1885;310;2744;747207;609,378;8,543;0,282;1,306
ID2770179;2770179;193;32,488;365,95;577,85;0;316200;527;7;1;745,387;29,794;1783,954;8,855;None;None;None;None;None;None;-10921639;1783,954;1893;339;2685;736773;624,212;8,553;0,285;1,268
ID2771408;2771408;193;33,812;365,95;578,5;0;316800;528;7;1;757,472;32,087;1800,63;9,208;None;None;None;None;None;None;-10921639;1800,63;1929;286;2662;743660;627,67;11,033;0,32;1,39
ID2771816;2771816;193;33,466;365,95;578,5;0;317400;529;7;1;743,925;26,465;1778,184;9,073;None;None;None;None;None;None;-10921639;1778,184;1917;367;2614;734390;605,112;11,021;0,313;1,4
ID2772227;2772227;193;31,725;366,6;578,5;0;318000;530;7;1;718,308;29,692;1751,68;8,988;None;None;None;None;None;None;-10921639;1751,68;1878;310;2590;723444;594,281;10,989;0,289;1,32
