Label;ID;TRACK_ID;QUALITY;POSITION_X;POSITION_Y;POSITION_Z;POSITION_T;FRAME;RADIUS;VISIBILITY;MEAN_INTENSITY01;MEAN_INTENSITY02;MEAN_INTENSITY03;MEAN_INTENSITY04;MEAN_INTENSITY05;MEAN_INTENSITY06;MEAN_INTENSITY07;MEAN_INTENSITY08;MEAN_INTENSITY09;MEAN_INTENSITY10;MANUAL_COLOR;MEAN_INTENSITY;MEDIAN_INTENSITY;MIN_INTENSITY;MAX_INTENSITY;TOTAL_INTENSITY;STANDARD_DEVIATION;ESTIMATED_DIAMETER;CONTRAST;SNR
ID1827324;1827324;59;17,181;248,3;196,3;0;0;0;7;1;275,22;39,654;1256,232;7,462;None;None;None;None;None;None;-10921639;1256,232;1279;579;1960;518824;248,021;11,312;0,284;2,24
ID1828166;1828166;59;15,938;249,6;196,95;0;600;1;7;1;245,402;32,627;1166,194;7,862;None;None;None;None;None;None;-10921639;1166,194;1178;565;1856;481638;241,166;11,363;0,295;2,205
ID1827532;1827532;59;14,516;249,6;196,95;0;1200;2;7;1;225,811;30,213;1122,446;7,492;None;None;None;None;None;None;-10921639;1122,446;1135;529;1736;463570;219,352;11,363;0,279;2,235
ID1827111;1827111;59;15,51;249,6;198,25;0;1800;3;7;1;240,613;32,291;1156,257;7,053;None;None;None;None;None;None;-10921639;1156,257;1159;555;1832;477534;242,723;11,323;0,29;2,139
ID1827961;1827961;59;15,391;249,6;199,55;0;2400;4;7;1;235,932;30,801;1135,092;7,453;None;None;None;None;None;None;-10921639;1135,092;1162;396;1788;468793;261,379;11,33;0,292;1,964
ID1827753;1827753;59;15,373;250,25;199,55;0;3000;5;7;1;244,521;34,472;1172,218;8,254;None;None;None;None;None;None;-10921639;1172,218;1176;513;1788;484126;233,016;11,312;0,286;2,236
ID1828600;1828600;59;16,653;250,9;199,55;0;3600;6;7;1;241,293;29,7;1152,293;7,768;None;None;None;None;None;None;-10921639;1152,293;1186;396;1747;475897;244,34;11,307;0,314;2,251
ID1828382;1828382;59;18,16;252,2;200,2;0;4200;7;7;1;262,022;27,877;1191,041;7,477;None;None;None;None;None;None;-10921639;1191,041;1239;388;1865;491900;273,612;11,319;0,339;2,204
ID1829243;1829243;59;17,587;252,2;198,9;0;4800;8;7;1;259,6;28,196;1185,131;7,169;None;None;None;None;None;None;-10921639;1185,131;1220;442;1844;489459;256,188;11,337;0,331;2,303
ID1828806;1828806;59;16,955;252,85;198,25;0;5400;9;7;1;248,586;28,702;1162,709;7,591;None;None;None;None;None;None;-10921639;1162,709;1200;416;1782;480199;253,288;11,333;0,323;2,241
ID1829022;1829022;59;17,239;252,2;198,25;0;6000;10;7;1;253,748;29,622;1177,516;6,981;None;None;None;None;None;None;-10921639;1177,516;1197;436;1750;486314;247,318;11,329;0,32;2,308
ID1829911;1829911;59;17,205;250,9;198,9;0;6600;11;7;1;261,656;30,441;1188,116;7,14;None;None;None;None;None;None;-10921639;1188,116;1202;430;1733;490692;255,122;11,299;0,298;2,137
ID1829460;1829460;59;17,282;250,9;199,55;0;7200;12;7;1;265,661;29,143;1188,489;6,872;None;None;None;None;None;None;-10921639;1188,489;1200;343;1793;490846;295,931;11,283;0,295;1,829
ID1829683;1829683;59;17,502;251,55;199,55;0;7800;13;7;1;267,981;28,211;1196,24;7,249;None;None;None;None;None;None;-10921639;1196,24;1216;410;1728;494047;277,057;11,308;0,304;2,012
ID1830131;1830131;59;17,398;252,2;200,2;0;8400;14;7;1;254,538;25,646;1161,266;7,249;None;None;None;None;None;None;-10921639;1161,266;1181;455;1628;479603;244,177;11,359;0,324;2,329
ID1830351;1830351;59;17,946;252,85;199,55;0;9000;15;7;1;270,617;27,334;1199,925;7,334;None;None;None;None;None;None;-10921639;1199,925;1193;524;1718;495569;246,636;11,362;0,328;2,405
ID1830575;1830575;59;18,057;253,5;199,55;0;9600;16;7;1;266,174;25,971;1182,712;8,128;None;None;None;None;None;None;-10921639;1182,712;1181;374;1765;488460;276,746;11,366;0,332;2,129
ID1830797;1830797;59;18,385;253,5;197,6;0;10200;17;7;1;260,378;26,266;1173,22;7,489;None;None;None;None;None;None;-10921639;1173,22;1169;455;1718;484540;255,029;11,371;0,362;2,446
ID1831469;1831469;59;18,903;253,5;197,6;0;10800;18;7;1;273,504;29,213;1202,998;7,995;None;None;None;None;None;None;-10921639;1202,998;1188;410;1791;496838;274,032;11,335;0,348;2,267
ID1831245;1831245;59;19,31;254,15;197,6;0;11400;19;7;1;276,746;23,082;1200,237;7,569;None;None;None;None;None;None;-10921639;1200,237;1218;359;1737;495698;295,282;11,342;0,342;2,072
ID1831927;1831927;59;20,262;254,15;195,65;0;12000;20;7;1;277,678;27,889;1205,298;7,586;None;None;None;None;None;None;-10921639;1205,298;1202;366;1776;497788;294,321;11,362;0,384;2,273
ID1831021;1831021;59;21,379;254,15;195,65;0;12600;21;7;1;284,811;25,62;1224,034;7,765;None;None;None;None;None;None;-10921639;1224,034;1209;381;1777;505526;290,103;11,335;0,382;2,333
ID1831694;1831694;59;22,973;255,45;198,25;0;13200;22;7;1;293,547;21,153;1231,23;6,903;None;None;None;None;None;None;-10921639;1231,23;1279;374;1771;508498;312,666;11,305;0,408;2,283
ID1832152;1832152;59;21,899;255,45;196,95;0;13800;23;7;1;277,622;21,114;1210,688;7,015;None;None;None;None;None;None;-10921639;1210,688;1232;524;1657;500014;244,395;11,357;0,408;2,869
ID1832609;1832609;59;21,473;254,8;195;0;14400;24;7;1;266,048;17,189;1188,835;7,84;None;None;None;None;None;None;-10921639;1188,835;1214;524;1629;490989;223,714;15,211;0,419;3,139
ID1832381;1832381;59;21,396;255,45;193,7;0;15000;25;7;1;270,387;14,731;1196,688;7,707;None;None;None;None;None;None;-10921639;1196,688;1230;565;1598;494232;219,662;11,329;0,402;3,126
ID1833064;1833064;59;21,155;254,8;194,35;0;15600;26;7;1;262,027;13,45;1173,973;7,472;None;None;None;None;None;None;-10921639;1173,973;1202;423;1595;484851;235,642;11,305;0,398;2,838
ID1832834;1832834;59;21,212;256,1;193,7;0;16200;27;7;1;257,252;13,797;1161,692;7,048;None;None;None;None;None;None;-10921639;1161,692;1197;534;1550;479779;220,654;11,319;0,413;3,075
ID1833514;1833514;59;21,988;256,75;193,05;0;16800;28;7;1;268,111;14,109;1184,772;6,93;None;None;None;None;None;None;-10921639;1184,772;1232;594;1570;489311;233,187;11,342;0,423;3,021
ID1833286;1833286;59;22,397;256,75;193,05;0;17400;29;7;1;272,182;12,458;1188,237;6,569;None;None;None;None;None;None;-10921639;1188,237;1220;485;1629;490742;246,944;11,286;0,416;2,827
ID1833743;1833743;59;21,988;257,4;192,4;0;18000;30;7;1;269,886;15,274;1184,806;7,111;None;None;None;None;None;None;-10921639;1184,806;1225;550;1564;489325;241,166;11,296;0,402;2,819
ID1833970;1833970;59;21,891;257,4;193,05;0;18600;31;7;1;271,138;12,14;1180,826;7,378;None;None;None;None;None;None;-10921639;1180,826;1248;467;1596;487681;248,567;11,283;0,404;2,736
ID1834194;1834194;59;21,552;257,4;192,4;0;19200;32;7;1;267,339;13,608;1174,102;8,051;None;None;None;None;None;None;-10921639;1174,102;1236;449;1539;484904;238,785;11,309;0,4;2,808
ID1834415;1834415;59;21,103;257,4;192,4;0;19800;33;7;1;262,438;13,065;1166,533;7,249;None;None;None;None;None;None;-10921639;1166,533;1230;507;1525;481778;232,279;11,345;0,411;2,924
ID1835091;1835091;59;21,508;258,05;192,4;0;20400;34;7;1;262,424;13,123;1162,368;8,044;None;None;None;None;None;None;-10921639;1162,368;1236;524;1541;480058;253,639;11,311;0,409;2,662
ID1835314;1835314;59;21,039;258,05;192,4;0;21000;35;7;1;263,663;12,932;1160,184;6,363;None;None;None;None;None;None;-10921639;1160,184;1236;496;1495;479156;246,064;11,285;0,384;2,619
ID1835540;1835540;59;20,598;256,75;193,7;0;21600;36;7;1;254,966;12,271;1141,196;7,475;None;None;None;None;None;None;-10921639;1141,196;1195;403;1596;471314;257,224;11,291;0,385;2,467
ID1835766;1835766;59;22,006;256,1;193,05;0;22200;37;7;1;271,019;13,722;1184,857;7,68;None;None;None;None;None;None;-10921639;1184,857;1230;473;1626;489346;247,692;11,306;0,414;2,802
ID1834865;1834865;59;21,367;255,45;193,7;0;22800;38;7;1;265,213;13,918;1174,501;6,402;None;None;None;None;None;None;-10921639;1174,501;1214;416;1586;485069;238,666;11,345;0,411;2,869
ID1834636;1834636;59;21,696;255,45;195;0;23400;39;7;1;260,932;12,789;1158,029;6,915;None;None;None;None;None;None;-10921639;1158,029;1209;334;1584;478266;260,755;11,333;0,426;2,653
ID1835988;1835988;59;21,333;255,45;195;0;24000;40;7;1;253,007;13,458;1149,252;7,366;None;None;None;None;None;None;-10921639;1149,252;1183;416;1530;474641;226,14;11,366;0,437;3,091
ID1836211;1836211;59;21,088;254,8;195;0;24600;41;7;1;256,847;11,08;1156,351;7,787;None;None;None;None;None;None;-10921639;1156,351;1197;430;1523;477573;215,002;11,379;0,438;3,278
ID1836885;1836885;59;21,599;254,15;195;0;25200;42;7;1;258,567;13,746;1163,266;6,126;None;None;None;None;None;None;-10921639;1163,266;1197;467;1546;480429;217,386;11,37;0,447;3,308
ID1837110;1837110;59;22,404;254,8;195;0;25800;43;7;1;263,828;13;1180,138;6,598;None;None;None;None;None;None;-10921639;1180,138;1234;396;1493;487397;216,332;11,377;0,452;3,394
ID1836438;1836438;59;20,62;254,8;193,7;0;26400;44;7;1;259,247;12,617;1164,637;6,874;None;None;None;None;None;None;-10921639;1164,637;1200;502;1561;480995;209,705;15,163;0,418;3,276
ID1836658;1836658;59;19,233;254,8;193,05;0;27000;45;7;1;242,814;13,429;1133,249;8,341;None;None;None;None;None;None;-10921639;1133,249;1154;513;1532;468032;204,873;11,39;0,396;3,138
ID1837334;1837334;59;20,865;255,45;193,05;0;27600;46;7;1;255,119;12,397;1154,554;8,38;None;None;None;None;None;None;-10921639;1154,554;1190;565;1506;476831;217,59;11,353;0,415;3,114
ID1837557;1837557;59;22,65;256,1;194,35;0;28200;47;7;1;267,797;12,455;1181,663;6,734;None;None;None;None;None;None;-10921639;1181,663;1236;479;1530;488027;238,998;11,335;0,441;3,026
ID1837796;1837796;59;23,183;256,1;195,65;0;28800;48;7;1;267,872;13,138;1181,385;7,678;None;None;None;None;None;None;-10921639;1181,385;1214;518;1555;487912;247,699;11,343;0,458;2,997
ID1838022;1838022;59;24,53;256,1;195,65;0;29400;49;7;1;280,186;13,114;1209,709;6,172;None;None;None;None;None;None;-10921639;1209,709;1254;473;1607;499610;274,396;11,316;0,469;2,815
ID1838249;1838249;59;23,719;255,45;195;0;30000;50;7;1;278,961;13,017;1203,712;7,051;None;None;None;None;None;None;-10921639;1203,712;1239;507;1561;497133;253,616;11,339;0,458;2,98
ID1838710;1838710;59;23,922;256,75;195;0;30600;51;7;1;276,421;12,472;1195,053;6,78;None;None;None;None;None;None;-10921639;1195,053;1234;396;1588;493557;264,433;11,315;0,461;2,851
ID1838942;1838942;59;23,567;258,05;195;0;31200;52;7;1;273,005;12,76;1189,891;6,259;None;None;None;None;None;None;-10921639;1189,891;1230;388;1624;491425;276,314;11,32;0,456;2,699
ID1838476;1838476;59;23,403;258,05;195,65;0;31800;53;7;1;269,915;11,91;1176,666;7,617;None;None;None;None;None;None;-10921639;1176,666;1207;449;1638;485963;274,166;11,319;0,457;2,692
ID1839170;1839170;59;23,632;258,7;195;0;32400;54;7;1;269,104;11,45;1178,685;7,487;None;None;None;None;None;None;-10921639;1178,685;1195;423;1588;486797;275,5;11,329;0,461;2,698
ID1839406;1839406;59;23,659;258,7;194,35;0;33000;55;7;1;274,475;13,77;1188,291;7,443;None;None;None;None;None;None;-10921639;1188,291;1209;442;1580;490764;274,103;11,342;0,463;2,745
ID1839638;1839638;59;23,796;258,05;194,35;0;33600;56;7;1;273,818;14,254;1189,93;6,886;None;None;None;None;None;None;-10921639;1189,93;1209;479;1600;491441;279,068;11,333;0,461;2,692
ID1839871;1839871;59;24,218;256,75;193,05;0;34200;57;7;1;282,312;12,983;1205,259;6,937;None;None;None;None;None;None;-10921639;1205,259;1245;396;1641;497772;288,875;11,317;0,455;2,611
ID1840560;1840560;59;24,099;256,75;192,4;0;34800;58;7;1;285,349;12,816;1214,087;6,467;None;None;None;None;None;None;-10921639;1214,087;1254;403;1633;501418;276,909;11,359;0,466;2,789
ID1840795;1840795;59;24,681;256,75;191,1;0;35400;59;7;1;292,954;12,264;1227,564;6,93;None;None;None;None;None;None;-10921639;1227,564;1268;430;1646;506984;286,626;11,334;0,464;2,714
ID1840105;1840105;59;23,178;256,75;189,8;0;36000;60;7;1;274,119;12,448;1186,99;6,855;None;None;None;None;None;None;-10921639;1186,99;1243;381;1546;490227;266,516;11,345;0,449;2,761
ID1840336;1840336;59;22,893;255,45;189,15;0;36600;61;7;1;273,208;13,639;1184,462;6,816;None;None;None;None;None;None;-10921639;1184,462;1248;359;1566;489183;277,964;11,321;0,432;2,57
ID1841029;1841029;59;22,755;255,45;190,45;0;37200;62;7;1;265,513;13,361;1167,278;7,031;None;None;None;None;None;None;-10921639;1167,278;1214;416;1579;482086;271,667;11,326;0,436;2,61
ID1841261;1841261;59;23,398;255,45;189,8;0;37800;63;7;1;276,278;12,896;1197,709;8,349;None;None;None;None;None;None;-10921639;1197,709;1239;374;1612;494654;269,337;11,345;0,446;2,742
ID1841493;1841493;59;23,555;254,8;189,8;0;38400;64;7;1;272,228;13,073;1188,758;7,634;None;None;None;None;None;None;-10921639;1188,758;1239;449;1568;490957;264,334;11,34;0,454;2,808
ID1841725;1841725;59;23,659;255,45;189,15;0;39000;65;7;1;269,557;13,136;1183,421;6,7;None;None;None;None;None;None;-10921639;1183,421;1220;388;1525;488753;255,781;11,354;0,465;2,936
ID1842186;1842186;59;23,323;256,1;190,45;0;39600;66;7;1;267,908;11,286;1179,274;7,995;None;None;None;None;None;None;-10921639;1179,274;1209;479;1512;487040;236,413;11,362;0,472;3,199
ID1842640;1842640;59;23,15;256,1;190,45;0;40200;67;7;1;264,644;12,724;1178,654;6,787;None;None;None;None;None;None;-10921639;1178,654;1204;490;1497;486784;220,334;15,264;0,483;3,485
ID1841957;1841957;59;23,819;254,8;189,8;0;40800;68;7;1;273,027;12,772;1194,077;7,475;None;None;None;None;None;None;-10921639;1194,077;1214;430;1535;493154;251,379;11,345;0,463;3,006
ID1842413;1842413;59;23,336;254,15;190,45;0;41400;69;7;1;267,298;13,847;1178,358;8,189;None;None;None;None;None;None;-10921639;1178,358;1216;396;1554;486662;251,849;11,342;0,461;2,952
ID1842878;1842878;59;23,661;253,5;191,1;0;42000;70;7;1;270,947;12,937;1185,421;7,341;None;None;None;None;None;None;-10921639;1185,421;1220;396;1545;489579;263,284;11,339;0,468;2,873
ID1843106;1843106;59;23,984;253,5;190,45;0;42600;71;7;1;272,7;14,005;1194,068;6,646;None;None;None;None;None;None;-10921639;1194,068;1211;455;1572;493150;257,451;11,363;0,482;3,017
ID1843339;1843339;59;22,639;254,8;188,5;0;43200;72;7;1;279,741;12,608;1210,85;6,736;None;None;None;None;None;None;-10921639;1210,85;1259;485;1543;500081;223,19;15,323;0,467;3,455
ID1843570;1843570;59;22,686;254,15;186,55;0;43800;73;7;1;289,085;12,056;1230,92;6,567;None;None;None;None;None;None;-10921639;1230,92;1272;449;1591;508370;235,187;11,394;0,441;3,205
ID1844279;1844279;59;24,134;251,55;183,3;0;44400;74;7;1;300,421;11,954;1243,332;6,908;None;None;None;None;None;None;-10921639;1243,332;1294;366;1653;513496;285,753;11,289;0,426;2,598
ID1844042;1844042;59;23,628;249,6;183,3;0;45000;75;7;1;310,249;12,513;1265,927;6,571;None;None;None;None;None;None;-10921639;1265,927;1305;317;1643;522828;274,919;11,337;0,421;2,728
ID1843806;1843806;59;23,016;248,3;183,3;0;45600;76;7;1;305,075;12,039;1261,189;7,148;None;None;None;None;None;None;-10921639;1261,189;1309;442;1593;520871;256,275;11,338;0,406;2,844
ID1844518;1844518;59;22,7;248,3;182,65;0;46200;77;7;1;301,073;11,956;1252,663;8,308;None;None;None;None;None;None;-10921639;1252,663;1320;343;1607;517350;253,8;11,372;0,418;2,908
ID1844753;1844753;59;24,872;245,7;181,35;0;46800;78;7;1;325,107;14,082;1302,206;7,061;None;None;None;None;None;None;-10921639;1302,206;1368;416;1685;537811;283,727;11,299;0,418;2,707
ID1844985;1844985;59;25,308;246,35;181,35;0;47400;79;7;1;328,542;14,039;1312,269;7,574;None;None;None;None;None;None;-10921639;1312,269;1366;403;1673;541967;273,6;11,307;0,429;2,881
ID1845224;1845224;59;25,196;247,65;182,65;0;48000;80;7;1;322,809;12,041;1300,266;6,646;None;None;None;None;None;None;-10921639;1300,266;1364;343;1638;537010;278,601;11,337;0,443;2,868
ID1845465;1845465;59;24,259;247;182,65;0;48600;81;7;1;318,676;14,303;1287,349;7,165;None;None;None;None;None;None;-10921639;1287,349;1334;308;1633;531675;272,786;11,346;0,428;2,828
ID1845704;1845704;59;23,866;247,65;184,6;0;49200;82;7;1;305,906;12,93;1260,862;7,622;None;None;None;None;None;None;-10921639;1260,862;1292;442;1646;520736;267,902;11,337;0,431;2,835
ID1846650;1846650;59;23,783;247,65;183,95;0;49800;83;7;1;301,162;12,63;1253,136;8,048;None;None;None;None;None;None;-10921639;1253,136;1292;467;1588;517545;253,66;11,344;0,433;2,985
ID1845939;1845939;59;24,991;246,35;182,65;0;50400;84;7;1;324,433;13,022;1303,414;7,3;None;None;None;None;None;None;-10921639;1303,414;1357;430;1624;538310;262,294;11,35;0,441;3,043
ID1846175;1846175;59;26,113;244,4;180,7;0;51000;85;7;1;338,886;12,404;1324,893;7,215;None;None;None;None;None;None;-10921639;1324,893;1382;326;1737;547181;291,794;11,311;0,442;2,784
ID1846887;1846887;59;27,97;243,75;182;0;51600;86;7;1;380,494;13,184;1407,654;7,029;None;None;None;None;None;None;-10921639;1407,654;1468;442;1766;581361;295,039;11,316;0,444;2,936
ID1846412;1846412;59;28,173;243,1;183,95;0;52200;87;7;1;384,349;13,172;1413,421;6,291;None;None;None;None;None;None;-10921639;1413,421;1478;403;1779;583743;298,735;11,313;0,449;2,931
ID1847118;1847118;59;28,442;240,5;184,6;0;52800;88;7;1;395,617;12,656;1434,109;6,959;None;None;None;None;None;None;-10921639;1434,109;1504;396;1845;592287;312,099;11,312;0,443;2,819
ID1847351;1847351;59;27,278;239,2;185,25;0;53400;89;7;1;387,496;14,879;1436,392;6,714;None;None;None;None;None;None;-10921639;1436,392;1523;570;1788;593230;262,208;11,337;0,436;3,327
ID1847590;1847590;59;28,019;239,2;185,25;0;54000;90;7;1;408,639;14,286;1472,99;6,794;None;None;None;None;None;None;-10921639;1472,99;1554;539;1788;608345;253,483;11,371;0,451;3,614
ID1847828;1847828;59;27,843;236,6;185,9;0;54600;91;7;1;406,62;14,571;1467,893;6,63;None;None;None;None;None;None;-10921639;1467,893;1525;579;1822;606240;271,478;11,348;0,431;3,255
ID1848061;1848061;59;27,578;232,7;182,65;0;55200;92;7;1;404,806;19,38;1462,492;7,564;None;None;None;None;None;None;-10921639;1462,492;1543;374;1845;604009;302,593;11,357;0,43;2,904
ID1848532;1848532;59;25,381;232,7;182,65;0;55800;93;7;1;375,109;14,668;1408,123;7,562;None;None;None;None;None;None;-10921639;1408,123;1476;436;1715;581555;258,267;11,386;0,409;3,165
ID1848297;1848297;59;25,6;231,4;182,65;0;56400;94;7;1;387,84;16,441;1436,942;6,835;None;None;None;None;None;None;-10921639;1436,942;1510;410;1710;593457;258,485;11,383;0,404;3,198
ID1848769;1848769;59;25,492;230,1;182,65;0;57000;95;7;1;387,218;15,552;1429,436;6,78;None;None;None;None;None;None;-10921639;1429,436;1532;416;1739;590357;279,276;11,355;0,393;2,886
ID1849006;1849006;59;24,705;228,8;183,3;0;57600;96;7;1;373,62;16,228;1413,608;6,562;None;None;None;None;None;None;-10921639;1413,608;1491;603;1733;583820;252,295;11,354;0,386;3,12
ID1849246;1849246;59;25,57;227,5;180,7;0;58200;97;7;1;390,598;17,789;1436,659;7,259;None;None;None;None;None;None;-10921639;1436,659;1563;317;1707;593340;293,25;11,379;0,403;2,816
ID1849719;1849719;59;25,131;223,6;180,05;0;58800;98;7;1;388,642;15,755;1431,501;7,458;None;None;None;None;None;None;-10921639;1431,501;1534;236;1853;591210;303,86;11,354;0,395;2,667
ID1849482;1849482;59;26,706;222,95;179,4;0;59400;99;7;1;412,697;19,104;1477,092;7,458;None;None;None;None;None;None;-10921639;1477,092;1582;299;1883;610039;318,367;11,317;0,399;2,645
ID1850193;1850193;59;25,048;219,05;176,8;0;60000;100;7;1;383,61;18,673;1428,952;7,492;None;None;None;None;None;None;-10921639;1428,952;1510;396;1890;590157;297,239;11,302;0,377;2,633
ID1849957;1849957;59;25,928;217,1;176,8;0;60600;101;7;1;390,659;19,76;1443,441;8,404;None;None;None;None;None;None;-10921639;1443,441;1484;269;1915;596141;325,923;11,299;0,381;2,446
ID1850426;1850426;59;25,659;216,45;175,5;0;61200;102;7;1;378,291;22,08;1429,663;7,065;None;None;None;None;None;None;-10921639;1429,663;1466;416;1829;590451;273,204;11,314;0,386;2,916
ID1850659;1850659;59;27,406;216,45;174,2;0;61800;103;7;1;391,872;24,717;1455,155;7,446;None;None;None;None;None;None;-10921639;1455,155;1502;351;1889;600979;325,068;11,263;0,398;2,548
ID1850890;1850890;59;26,248;217,75;174,2;0;62400;104;7;1;373,673;24,203;1416,877;6,978;None;None;None;None;None;None;-10921639;1416,877;1470;299;1788;585170;311,052;11,29;0,395;2,578
ID1851123;1851123;59;26,092;217,75;174,85;0;63000;105;7;1;379,063;27,867;1437,552;6,93;None;None;None;None;None;None;-10921639;1437,552;1495;351;1844;593709;301,704;11,27;0,38;2,623
ID1851356;1851356;59;26,002;218,4;174,85;0;63600;106;7;1;367,196;29,644;1419,741;8,053;None;None;None;None;None;None;-10921639;1419,741;1470;343;1810;586353;292,923;11,301;0,391;2,725
ID1851595;1851595;59;25,185;217,1;173,55;0;64200;107;7;1;362,368;31,712;1413,262;6,792;None;None;None;None;None;None;-10921639;1413,262;1478;374;1763;583677;284,606;11,339;0,399;2,831
ID1851831;1851831;59;23,072;217,1;173,55;0;64800;108;7;1;322,68;33,746;1347,133;6,751;None;None;None;None;None;None;-10921639;1347,133;1412;388;1652;556366;256,89;11,34;0,372;2,843
ID1852307;1852307;59;21,41;217,1;173,55;0;65400;109;7;1;287,646;36,065;1283,722;6,758;None;None;None;None;None;None;-10921639;1283,722;1324;550;1602;530177;230,929;11,305;0,349;2,879
ID1852068;1852068;59;18,594;217,1;172,25;0;66000;110;7;1;217,54;38,581;1128,511;6,663;None;None;None;None;None;None;-10921639;1128,511;1181;366;1434;466075;214,232;11,311;0,347;2,714
ID1852546;1852546;59;16,306;217,1;173,55;0;66600;111;7;1;176,041;43,872;1038,998;7,889;None;None;None;None;None;None;-10921639;1038,998;1095;236;1283;429106;205,241;11,351;0,335;2,542
ID1852786;1852786;59;13,539;217,75;174,2;0;67200;112;7;1;129,547;45,712;910,944;6,487;None;None;None;None;None;None;-10921639;910,944;955;211;1162;376220;185,81;11,339;0,307;2,303
ID1853023;1853023;59;10,914;217,75;174,2;0;67800;113;7;1;94,804;46,918;809,262;6,927;None;None;None;None;None;None;-10921639;809,262;850;248;1039;334225;168,223;11,249;0,251;1,933
ID1853255;1853255;59;9,135;217,75;174,2;0;68400;114;7;1;61,634;49,644;697,494;8,523;None;None;None;None;None;None;-10921639;697,494;737;149;964;288065;166,678;11,204;0,236;1,601
ID1853485;1853485;59;7,22;218,4;173,55;0;69000;115;7;1;42,935;50,254;627,015;7,148;None;None;None;None;None;None;-10921639;627,015;686;129;869;258957;165,509;11,267;0,203;1,28
ID1853718;1853718;59;6,267;217,75;173,55;0;69600;116;7;1;32,153;52,157;586,726;6,625;None;None;None;None;None;None;-10921639;586,726;643;105;799;242318;158,15;11,211;0,185;1,16
ID1854419;1854419;59;6,739;217,75;172,25;0;70200;117;7;1;28,242;54,39;572,305;7,097;None;None;None;None;None;None;-10921639;572,305;643;129;756;236362;159,052;11,164;0,194;1,171
ID1853950;1853950;59;5,878;217,75;172,9;0;70800;118;7;1;23,3;53,097;545,322;7,787;None;None;None;None;None;None;-10921639;545,322;603;129;767;225218;161,79;11,079;0,166;0,96
ID1854184;1854184;59;5,652;217,75;172,9;0;71400;119;7;1;21,797;53,247;546,697;7,409;None;None;None;None;None;None;-10921639;546,697;598;105;767;225786;151,888;11,167;0,165;1,02
ID1854653;1854653;59;5,805;217,75;173,55;0;72000;120;7;1;19,431;62,6;583,356;6,893;None;None;None;None;None;None;-10921639;583,356;626;74;816;240926;149,346;11,169;0,156;1,054
ID1854890;1854890;59;5,548;217,75;173,55;0;72600;121;7;1;19,847;63,162;577,041;8,094;None;None;None;None;None;None;-10921639;577,041;626;105;820;238318;155,37;11,235;0,154;0,993
ID1855125;1855125;59;5,834;217,1;172,9;0;73200;122;7;1;18,056;65,416;579,642;7,073;None;None;None;None;None;None;-10921639;579,642;639;74;759;239392;161,627;11,274;0,166;1,023
ID1855351;1855351;59;6,237;215,15;173,55;0;73800;123;7;1;18,906;73,608;629,482;7,554;None;None;None;None;None;None;-10921639;629,482;648;167;792;259976;135,036;11,319;0,166;1,329
ID1855580;1855580;59;6,294;215,15;172,9;0;74400;124;7;1;18,416;73,581;615,252;6,738;None;None;None;None;None;None;-10921639;615,252;656;129;816;254099;157,409;11,289;0,173;1,152
ID1855807;1855807;59;6,672;213,2;173,55;0;75000;125;7;1;16,044;81,68;650,806;8,094;None;None;None;None;None;None;-10921639;650,806;682;198;830;268783;140,555;11,231;0,166;1,316
ID1856031;1856031;59;7,104;213,85;174,2;0;75600;126;7;1;17,351;82,55;657,254;7,324;None;None;None;None;None;None;-10921639;657,254;698;105;846;271446;156,792;11,159;0,17;1,217
ID1856263;1856263;59;7,302;214,5;173,55;0;76200;127;7;1;18,521;85,983;674,446;7,09;None;None;None;None;None;None;-10921639;674,446;725;105;846;278546;169,28;11,235;0,181;1,219
ID1856494;1856494;59;7,704;216,45;173,55;0;76800;128;7;1;16,397;85,884;660,985;7,976;None;None;None;None;None;None;-10921639;660,985;718;129;846;272987;169,321;11,283;0,209;1,35
ID1856721;1856721;59;7,528;217,1;173,55;0;77400;129;7;1;14,37;84,613;649,995;8,102;None;None;None;None;None;None;-10921639;649,995;702;105;830;268448;163,091;11,211;0,199;1,321
ID1856956;1856956;59;6,783;217,1;173,55;0;78000;130;7;1;14,065;82,09;639,446;7,564;None;None;None;None;None;None;-10921639;639,446;682;167;833;264091;163,599;11,279;0,185;1,223
ID1857187;1857187;59;7,596;216,45;172,9;0;78600;131;7;1;12,366;82,758;633,579;7,034;None;None;None;None;None;None;-10921639;633,579;686;149;809;261668;160,646;11,297;0,216;1,4
ID1857421;1857421;59;8,563;215,8;172,9;0;79200;132;7;1;12,884;89,596;667,031;6,969;None;None;None;None;None;None;-10921639;667,031;714;129;866;275484;149,878;11,294;0,237;1,707
ID1857646;1857646;59;8,814;217,1;172,9;0;79800;133;7;1;11,184;89,726;665,889;6,487;None;None;None;None;None;None;-10921639;665,889;729;167;860;275012;166,304;11,301;0,246;1,581
ID1857880;1857880;59;8,624;217,75;173,55;0;80400;134;7;1;12,903;95,37;684,322;7,671;None;None;None;None;None;None;-10921639;684,322;737;149;898;282625;160,227;11,287;0,232;1,611
ID1858110;1858110;59;9,418;215,15;172,25;0;81000;135;7;1;12,269;105,351;723,31;7,358;None;None;None;None;None;None;-10921639;723,31;767;149;934;298727;173,638;11,337;0,251;1,672
ID1858341;1858341;59;9,542;215,15;172,25;0;81600;136;7;1;11,55;106,249;725,327;6,954;None;None;None;None;None;None;-10921639;725,327;770;224;876;299560;147,21;11,367;0,254;1,995
ID1858570;1858570;59;10,296;214,5;170,3;0;82200;137;7;1;10,373;112,939;742,08;7,879;None;None;None;None;None;None;-10921639;742,08;795;183;919;306479;171,015;11,345;0,272;1,857
ID1859031;1859031;59;10,481;215,8;171,6;0;82800;138;7;1;10,869;117,949;763,719;6,308;None;None;None;None;None;None;-10921639;763,719;820;198;910;315416;151,716;11,383;0,274;2,168
ID1858802;1858802;59;10,372;215,8;172,25;0;83400;139;7;1;10,01;114,082;755,167;7,811;None;None;None;None;None;None;-10921639;755,167;799;129;922;311884;159,131;11,369;0,276;2,05
ID1859265;1859265;59;11,526;215,15;172,25;0;84000;140;7;1;11,303;116,76;767,123;7,291;None;None;None;None;None;None;-10921639;767,123;795;236;970;316822;146,245;11,372;0,311;2,486
ID1859495;1859495;59;11,781;215,8;172,9;0;84600;141;7;1;10,155;117,012;761,324;7,651;None;None;None;None;None;None;-10921639;761,324;809;149;931;314427;150,696;11,372;0,331;2,514
ID1859727;1859727;59;11,291;215,8;172,9;0;85200;142;7;1;9,55;118,169;761,768;7,211;None;None;None;None;None;None;-10921639;761,768;799;183;952;314610;152,48;11,377;0,313;2,384
ID1859958;1859958;59;12,177;213,85;172,9;0;85800;143;7;1;10,809;128,16;797,252;6,729;None;None;None;None;None;None;-10921639;797,252;843;167;976;329265;160,559;11,333;0,316;2,386
ID1860195;1860195;59;11,741;213,2;172,25;0;86400;144;7;1;12,242;127,649;804,53;7,465;None;None;None;None;None;None;-10921639;804,53;860;149;990;332271;167,339;11,351;0,299;2,215
ID1860427;1860427;59;11,263;211,9;172,25;0;87000;145;7;1;9,564;126,395;790,55;6,801;None;None;None;None;None;None;-10921639;790,55;823;167;987;326497;158,853;11,353;0,288;2,226
ID1860887;1860887;59;11,779;211,9;172,25;0;87600;146;7;1;9,615;130,223;801,414;7,334;None;None;None;None;None;None;-10921639;801,414;833;149;1001;330984;158,828;11,346;0,291;2,273
ID1860657;1860657;59;11,744;212,55;172,25;0;88200;147;7;1;10,073;133,249;815,262;8,172;None;None;None;None;None;None;-10921639;815,262;850;149;1031;336703;164,9;11,385;0,291;2,232
ID1861117;1861117;59;11,929;211,25;170,95;0;88800;148;7;1;10,395;132,475;817,145;7,259;None;None;None;None;None;None;-10921639;817,145;856;149;1004;337481;160,495;11,377;0,303;2,367
ID1861347;1861347;59;12,347;210,6;172,25;0;89400;149;7;1;11,908;129,247;815,395;7,191;None;None;None;None;None;None;-10921639;815,395;840;236;1020;336758;150,02;11,339;0,315;2,606
ID1861574;1861574;59;12,414;210,6;171,6;0;90000;150;7;1;11,116;128,153;802,584;7,402;None;None;None;None;None;None;-10921639;802,584;836;183;1020;331467;158,161;11,343;0,315;2,43
ID1861804;1861804;59;12,029;211,25;172,25;0;90600;151;7;1;10,046;131,065;813,615;7,412;None;None;None;None;None;None;-10921639;813,615;856;224;1012;336023;156,882;11,292;0,292;2,342
ID1862035;1862035;59;11,616;211,25;171,6;0;91200;152;7;1;10,034;138,179;827,758;7,579;None;None;None;None;None;None;-10921639;827,758;869;129;1031;341864;173,821;11,301;0,273;2,04
ID1862263;1862263;59;10,561;211,25;170,95;0;91800;153;7;1;10,324;136,869;829,835;7,46;None;None;None;None;None;None;-10921639;829,835;895;105;1045;342722;183,883;11,335;0,241;1,754
ID1862722;1862722;59;10,795;212,55;171,6;0;92400;154;7;1;9,673;140,145;831,913;6,821;None;None;None;None;None;None;-10921639;831,913;898;167;1042;343580;187,65;11,339;0,251;1,776
ID1862493;1862493;59;10,5;211,9;172,25;0;93000;155;7;1;10,109;138,867;829,298;6,772;None;None;None;None;None;None;-10921639;829,298;885;149;1001;342500;163,092;11,331;0,237;1,948
ID1862952;1862952;59;10,425;211,9;172,25;0;93600;156;7;1;9,223;140,508;841,373;7,305;None;None;None;None;None;None;-10921639;841,373;873;224;1029;347487;159,288;11,327;0,229;1,966
ID1863176;1863176;59;10,626;211,9;170,95;0;94200;157;7;1;9,407;133,915;812,002;6,76;None;None;None;None;None;None;-10921639;812,002;856;149;1015;335357;168,382;11,321;0,246;1,902
ID1863406;1863406;59;10,586;211,9;170,3;0;94800;158;7;1;10,748;131,777;808,717;7,492;None;None;None;None;None;None;-10921639;808,717;866;105;995;334000;176,294;11,344;0,249;1,83
ID1863637;1863637;59;10,964;211,9;170,3;0;95400;159;7;1;9,14;133,077;814,794;7,843;None;None;None;None;None;None;-10921639;814,794;866;183;995;336510;173,143;11,335;0,26;1,943
ID1863865;1863865;59;10,941;211,9;170,3;0;96000;160;7;1;9,172;131,935;805,099;7,007;None;None;None;None;None;None;-10921639;805,099;853;167;990;332506;178,7;11,325;0,258;1,848
ID1864097;1864097;59;9,967;211,9;169,65;0;96600;161;7;1;8,061;130,55;800,065;7,383;None;None;None;None;None;None;-10921639;800,065;860;167;1012;330427;188,996;11,335;0,23;1,586
ID1864563;1864563;59;9,607;211,25;169;0;97200;162;7;1;7,484;138,828;820,511;8,283;None;None;None;None;None;None;-10921639;820,511;869;105;1012;338871;181,851;11,277;0,204;1,528
ID1864328;1864328;59;10,221;211,9;169;0;97800;163;7;1;8,935;141,383;830,443;6,976;None;None;None;None;None;None;-10921639;830,443;904;129;1034;342973;197,42;11,31;0,227;1,555
ID1864798;1864798;59;9,689;211,25;170,3;0;98400;164;7;1;7,528;134,048;804,201;6,414;None;None;None;None;None;None;-10921639;804,201;846;198;1026;332135;186,084;11,315;0,222;1,568
ID1865028;1865028;59;10,105;211,9;169,65;0;99000;165;7;1;8,002;137,513;816,547;7,278;None;None;None;None;None;None;-10921639;816,547;866;198;1061;337234;188,258;11,351;0,228;1,61
ID1865259;1865259;59;9,932;211,25;169;0;99600;166;7;1;8,448;143,245;835,019;7,404;None;None;None;None;None;None;-10921639;835,019;882;129;1092;344863;192,663;11,274;0,209;1,5
ID1865495;1865495;59;10,215;211,9;169,65;0;100200;167;7;1;9,458;141,789;840,453;6,886;None;None;None;None;None;None;-10921639;840,453;895;129;1056;347107;195,932;11,303;0,218;1,534
ID1865726;1865726;59;10,242;211,25;170,3;0;100800;168;7;1;9,467;143,709;842,828;7,383;None;None;None;None;None;None;-10921639;842,828;895;149;1071;348088;190,772;11,304;0,214;1,558
ID1865956;1865956;59;9,444;211,9;169,65;0;101400;169;7;1;8,407;140,426;828,354;6,303;None;None;None;None;None;None;-10921639;828,354;873;183;1105;342110;198,646;11,307;0,204;1,416
ID1866188;1866188;59;9,977;212,55;169,65;0;102000;170;7;1;8,288;131,228;799,295;6,627;None;None;None;None;None;None;-10921639;799,295;843;105;1020;330109;185,345;11,316;0,234;1,633
ID1866416;1866416;59;9,53;211,9;169;0;102600;171;7;1;7,884;129,23;794,981;6,598;None;None;None;None;None;None;-10921639;794,981;850;129;1026;328327;190,417;11,334;0,216;1,485
ID1866647;1866647;59;9,403;210,6;171,6;0;103200;172;7;1;8,792;138,513;831,051;7,564;None;None;None;None;None;None;-10921639;831,051;866;149;1050;343224;177,378;11,307;0,197;1,539
ID1866876;1866876;59;9,487;209,3;170,3;0;103800;173;7;1;8,751;138,358;821,329;6,927;None;None;None;None;None;None;-10921639;821,329;873;183;1023;339209;182,763;11,298;0,206;1,536
ID1867110;1867110;59;9,447;209,95;170,3;0;104400;174;7;1;8,484;143,446;831,646;6,38;None;None;None;None;None;None;-10921639;831,646;873;149;1048;343470;191,102;11,297;0,205;1,478
ID1867342;1867342;59;9,97;210,6;170,95;0;105000;175;7;1;9,494;137,843;823,015;7,419;None;None;None;None;None;None;-10921639;823,015;863;198;1037;339905;191,364;11,323;0,223;1,568
ID1867574;1867574;59;10,05;211,25;171,6;0;105600;176;7;1;8,55;141,833;831,375;7,484;None;None;None;None;None;None;-10921639;831,375;885;129;1063;343358;185,959;11,322;0,222;1,622
ID1867808;1867808;59;10,395;211,25;170,95;0;106200;177;7;1;8,717;146,354;853,586;7,4;None;None;None;None;None;None;-10921639;853,586;898;211;1077;352531;179,604;11,314;0,224;1,743
ID1868042;1868042;59;10,027;209,95;170,3;0;106800;178;7;1;8,891;147,206;843,683;7,01;None;None;None;None;None;None;-10921639;843,683;879;183;1058;348441;185,386;11,347;0,222;1,655
ID1868275;1868275;59;10,177;209,95;170,95;0;107400;179;7;1;9,867;146,935;857,741;7,077;None;None;None;None;None;None;-10921639;857,741;904;236;1077;354247;179,96;11,291;0,212;1,67
ID1868506;1868506;59;10,495;209,3;170,3;0;108000;180;7;1;8,361;151,034;864,496;7,666;None;None;None;None;None;None;-10921639;864,496;931;248;1066;357037;200,11;11,309;0,219;1,554
ID1868737;1868737;59;10,611;209,95;170,95;0;108600;181;7;1;9,707;153,969;876,692;6,765;None;None;None;None;None;None;-10921639;876,692;925;129;1097;362074;185,57;11,298;0,219;1,699
ID1868967;1868967;59;11,345;210,6;170,95;0;109200;182;7;1;8,414;152,157;875,869;7,806;None;None;None;None;None;None;-10921639;875,869;913;224;1089;361734;174,239;11,334;0,248;1,999
ID1869203;1869203;59;11,093;211,25;170,95;0;109800;183;7;1;8,288;149,746;864,034;6,09;None;None;None;None;None;None;-10921639;864,034;919;183;1074;356846;180,836;11,358;0,246;1,889
ID1869440;1869440;59;11,312;210,6;170,3;0;110400;184;7;1;7,753;150,508;861,833;7,375;None;None;None;None;None;None;-10921639;861,833;913;211;1084;355937;183,19;11,317;0,244;1,844
ID1869676;1869676;59;11,917;211,25;170,3;0;111000;185;7;1;7,976;151,596;864,213;7,196;None;None;None;None;None;None;-10921639;864,213;925;105;1079;356920;202,113;11,315;0,262;1,773
ID1870156;1870156;59;12,215;210,6;170,3;0;111600;186;7;1;10,022;149,961;866,494;7,952;None;None;None;None;None;None;-10921639;866,494;919;198;1061;357862;189,337;11,35;0,276;1,977
ID1869913;1869913;59;12,75;209,95;170,3;0;112200;187;7;1;8,942;156,976;884,37;6,838;None;None;None;None;None;None;-10921639;884,37;931;183;1122;365245;190,866;11,332;0,283;2,044
ID1870392;1870392;59;12,122;209,95;169;0;112800;188;7;1;8,901;157,937;888,189;6,755;None;None;None;None;None;None;-10921639;888,189;943;198;1120;366822;204,028;11,361;0,267;1,836
ID1870630;1870630;59;12,392;210,6;169;0;113400;189;7;1;8,513;150,639;855,378;7,286;None;None;None;None;None;None;-10921639;855,378;919;129;1084;353271;210,912;11,344;0,287;1,807
ID1870869;1870869;59;12,266;211,25;169,65;0;114000;190;7;1;9,332;155,494;882,91;7,046;None;None;None;None;None;None;-10921639;882,91;952;224;1077;364642;193,896;15,116;0,282;2,004
ID1871114;1871114;59;12,833;210,6;170,95;0;114600;191;7;1;9,918;158,995;901,426;6,775;None;None;None;None;None;None;-10921639;901,426;952;183;1125;372289;197,785;11,381;0,287;2,032
ID1871612;1871612;59;12,141;210,6;170,95;0;115200;192;7;1;8,332;158,772;887,133;6,446;None;None;None;None;None;None;-10921639;887,133;928;167;1105;366386;183,901;11,367;0,27;2,054
ID1871360;1871360;59;12,486;209,95;169,65;0;115800;193;7;1;8,632;157,443;891,119;7,964;None;None;None;None;None;None;-10921639;891,119;937;198;1112;368032;194,841;11,376;0,285;2,029
ID1871858;1871858;59;12,653;209,3;170,3;0;116400;194;7;1;9,961;163,373;902,235;6,748;None;None;None;None;None;None;-10921639;902,235;949;167;1105;372623;192,006;11,38;0,275;2,025
ID1872107;1872107;59;12,289;208,65;170,3;0;117000;195;7;1;9,344;154,734;880,397;7,269;None;None;None;None;None;None;-10921639;880,397;925;198;1110;363604;189,887;11,362;0,273;1,987
ID1872356;1872356;59;12,588;208;169,65;0;117600;196;7;1;8,598;158,949;890,065;7,55;None;None;None;None;None;None;-10921639;890,065;931;236;1105;367597;184,853;11,37;0,279;2,103
ID1872604;1872604;59;12,298;208,65;169;0;118200;197;7;1;9,458;157,504;877,131;7,012;None;None;None;None;None;None;-10921639;877,131;940;183;1084;362255;202,71;11,384;0,273;1,856
ID1873104;1873104;59;12,265;208;169;0;118800;198;7;1;9,407;151,981;869,932;7,542;None;None;None;None;None;None;-10921639;869,932;919;149;1084;359282;195,944;11,395;0,284;1,962
ID1872857;1872857;59;12,566;208,65;169;0;119400;199;7;1;8,54;150,245;867,763;7,492;None;None;None;None;None;None;-10921639;867,763;910;167;1100;358386;173,317;11,386;0,294;2,277
ID1873362;1873362;59;12,893;208,65;169;0;120000;200;7;1;9,649;149,094;865,47;6,395;None;None;None;None;None;None;-10921639;865,47;910;167;1077;357439;174,496;11,378;0,303;2,309
ID1873616;1873616;59;11,984;209,3;170,3;0;120600;201;7;1;10,191;145,85;859,738;7,579;None;None;None;None;None;None;-10921639;859,738;895;236;1061;355072;166,123;11,39;0,279;2,26
ID1873870;1873870;59;12,726;209,3;169,65;0;121200;202;7;1;9,634;153,363;873,429;6,613;None;None;None;None;None;None;-10921639;873,429;925;167;1071;360726;188,216;15,138;0,298;2,13
ID1874127;1874127;59;12,438;208,65;169,65;0;121800;203;7;1;9,082;151,165;874,903;6,119;None;None;None;None;None;None;-10921639;874,903;922;198;1066;361335;166,892;11,407;0,287;2,338
ID1874389;1874389;59;12,525;208,65;169,65;0;122400;204;7;1;8,62;151,317;865,504;7,518;None;None;None;None;None;None;-10921639;865,504;916;198;1026;357453;170,355;11,409;0,298;2,333
ID1874644;1874644;59;13,132;209,3;169,65;0;123000;205;7;1;12,373;160,879;907,763;7,69;None;None;None;None;None;None;-10921639;907,763;964;167;1100;374906;171,016;15,261;0,309;2,508
ID1874906;1874906;59;12,85;208;169,65;0;123600;206;7;1;9,734;166,729;908,065;6,93;None;None;None;None;None;None;-10921639;908,065;943;269;1120;375031;180,389;11,396;0,29;2,262
ID1875166;1875166;59;12,845;208;169,65;0;124200;207;7;1;9,155;164,249;910,102;7,913;None;None;None;None;None;None;-10921639;910,102;958;149;1107;375872;179,252;11,414;0,288;2,268
ID1875425;1875425;59;13,052;209,3;170,3;0;124800;208;7;1;10,16;164,637;913,688;7,077;None;None;None;None;None;None;-10921639;913,688;973;198;1097;377353;186,892;15,256;0,3;2,258
ID1875688;1875688;59;13,534;209,3;170,3;0;125400;209;7;1;10,608;166,84;922,593;7,835;None;None;None;None;None;None;-10921639;922,593;973;198;1105;381031;182,022;15,319;0,315;2,429
ID1876480;1876480;59;13,557;208,65;170,95;0;126000;210;7;1;10,622;168,291;927,305;6,683;None;None;None;None;None;None;-10921639;927,305;961;236;1105;382977;164,291;15,213;0,306;2,648
ID1875945;1875945;59;14,615;208,65;170,3;0;126600;211;7;1;10,806;174,029;948,065;7,315;None;None;None;None;None;None;-10921639;948,065;978;211;1164;391551;187,11;15,276;0,331;2,522
ID1876212;1876212;59;14,52;208;170,95;0;127200;212;7;1;9,257;163,521;918,044;7,76;None;None;None;None;None;None;-10921639;918,044;964;269;1132;379152;168,957;15,271;0,348;2,807
ID1876734;1876734;59;15,141;208,65;170,3;0;127800;213;7;1;10,54;175,215;944,654;7,111;None;None;None;None;None;None;-10921639;944,654;1001;211;1142;390142;171,026;15,364;0,359;2,917
ID1877002;1877002;59;15,067;207,35;170,3;0;128400;214;7;1;9,061;163,14;909,642;7,281;None;None;None;None;None;None;-10921639;909,642;961;317;1169;375682;190,108;11,344;0,35;2,482
ID1877265;1877265;59;14,433;208;170,3;0;129000;215;7;1;8,063;171,54;922,196;6,918;None;None;None;None;None;None;-10921639;922,196;978;289;1140;380867;177,974;11,379;0,334;2,593
ID1877536;1877536;59;14,431;207,35;169;0;129600;216;7;1;9,213;172,08;930,581;7,952;None;None;None;None;None;None;-10921639;930,581;984;334;1183;384330;186,125;11,359;0,325;2,453
ID1877809;1877809;59;15,065;207,35;168,35;0;130200;217;7;1;8,613;169,988;918,274;8,901;None;None;None;None;None;None;-10921639;918,274;961;236;1186;379247;170,837;11,369;0,356;2,82
ID1878083;1878083;59;15,471;207,35;168,35;0;130800;218;7;1;9,424;171,593;929,605;7,567;None;None;None;None;None;None;-10921639;929,605;981;334;1174;383927;180,23;15,201;0,362;2,739
ID1878620;1878620;59;15,007;206,7;169;0;131400;219;7;1;8,46;164,879;900,535;7,942;None;None;None;None;None;None;-10921639;900,535;940;308;1186;371921;185,098;11,344;0,353;2,539
ID1878351;1878351;59;15,296;208;169,65;0;132000;220;7;1;8,85;165,165;913,952;7,211;None;None;None;None;None;None;-10921639;913,952;955;317;1171;377462;186,314;11,381;0,362;2,607
ID1878884;1878884;59;15,238;208;169;0;132600;221;7;1;10,058;160,792;901,157;6,731;None;None;None;None;None;None;-10921639;901,157;952;334;1147;372178;183,637;15,374;0,367;2,633
ID1879440;1879440;59;15,499;207,35;169;0;133200;222;7;1;10,731;166,487;920,654;6,245;None;None;None;None;None;None;-10921639;920,654;970;289;1176;380230;183,864;15,294;0,364;2,67
ID1879162;1879162;59;14,386;207,35;169,65;0;133800;223;7;1;8,843;155,286;885,356;6,397;None;None;None;None;None;None;-10921639;885,356;937;280;1100;365652;171,597;11,387;0,349;2,672
ID1879722;1879722;59;14,094;206,7;170,3;0;134400;224;7;1;10,044;158,426;891,019;7,334;None;None;None;None;None;None;-10921639;891,019;946;334;1102;367991;163,425;11,35;0,33;2,706
ID1880005;1880005;59;14,714;207,35;169,65;0;135000;225;7;1;9,378;164,373;914,976;7,528;None;None;None;None;None;None;-10921639;914,976;955;430;1140;377885;150,728;15,35;0,346;3,119
ID1880285;1880285;59;16,016;206,7;170,3;0;135600;226;7;1;9,153;171,881;938,203;6,157;None;None;None;None;None;None;-10921639;938,203;973;436;1132;387478;151,779;15,388;0,372;3,355
ID1880568;1880568;59;16,234;206,7;169,65;0;136200;227;7;1;11,097;164,324;920,128;7,38;None;None;None;None;None;None;-10921639;920,128;955;374;1166;380013;176,933;11,339;0,383;2,879
ID1880845;1880845;59;15,817;208;170,95;0;136800;228;7;1;9,787;162,671;912,797;7,54;None;None;None;None;None;None;-10921639;912,797;964;343;1159;376985;172,795;15,342;0,381;2,912
ID1881113;1881113;59;15,76;208,65;170,3;0;137400;229;7;1;10,886;169,416;932,586;6,692;None;None;None;None;None;None;-10921639;932,586;990;374;1171;385158;179,263;11,348;0,363;2,773
ID1881381;1881381;59;15,075;208,65;170,95;0;138000;230;7;1;9,668;166,973;919,925;7,671;None;None;None;None;None;None;-10921639;919,925;981;403;1117;379929;170,114;11,339;0,34;2,743
ID1881651;1881651;59;14,969;209,3;170,95;0;138600;231;7;1;9,85;168,024;919,683;6,959;None;None;None;None;None;None;-10921639;919,683;984;374;1110;379829;175,189;11,367;0,343;2,683
ID1882194;1882194;59;14,269;208;170,95;0;139200;232;7;1;10,593;166,269;920,378;6,847;None;None;None;None;None;None;-10921639;920,378;981;423;1135;380116;173,466;11,345;0,314;2,534
ID1881922;1881922;59;14,872;208,65;170,3;0;139800;233;7;1;10,123;172,111;940,862;7,104;None;None;None;None;None;None;-10921639;940,862;995;430;1150;388576;161,486;11,36;0,326;2,868
ID1882464;1882464;59;14,358;207,35;170,3;0;140400;234;7;1;10,201;171,107;932,685;7,552;None;None;None;None;None;None;-10921639;932,685;998;388;1125;385199;165,802;15,272;0,324;2,75
ID1882734;1882734;59;13,339;207,35;170,3;0;141000;235;7;1;8,981;161,828;902,4;7,927;None;None;None;None;None;None;-10921639;902,4;955;461;1100;372691;159,06;15,191;0,307;2,662
ID1883002;1883002;59;13,282;206,7;170,95;0;141600;236;7;1;9,094;160,952;905,702;7,639;None;None;None;None;None;None;-10921639;905,702;967;436;1115;374055;155,15;15,392;0,302;2,707
ID1883271;1883271;59;14,225;206,05;170,95;0;142200;237;7;1;8,404;165,293;911,678;7,082;None;None;None;None;None;None;-10921639;911,678;976;467;1115;376523;173,281;11,307;0,316;2,526
ID1883536;1883536;59;14,347;206,05;170,95;0;142800;238;7;1;8,167;168,245;919,341;7,189;None;None;None;None;None;None;-10921639;919,341;973;396;1122;379688;168,442;11,35;0,322;2,66
ID1883802;1883802;59;14,827;206,05;171,6;0;143400;239;7;1;9,068;174,429;946,484;6,823;None;None;None;None;None;None;-10921639;946,484;981;507;1169;390898;153,516;11,348;0,329;3,052
ID1884068;1884068;59;14,768;204,75;171,6;0;144000;240;7;1;8,189;176,027;940,91;7,199;None;None;None;None;None;None;-10921639;940,91;990;449;1164;388596;171,347;11,342;0,327;2,705
ID1884334;1884334;59;15,082;204,75;171,6;0;144600;241;7;1;9,068;179,339;957,579;7,121;None;None;None;None;None;None;-10921639;957,579;1009;455;1200;395480;177,061;11,349;0,331;2,688
ID1884606;1884606;59;14,92;204,75;172,25;0;145200;242;7;1;9,906;173,821;944,789;6,131;None;None;None;None;None;None;-10921639;944,789;995;396;1159;390198;163,391;15,336;0,338;2,921
ID1884873;1884873;59;14,874;205,4;172,9;0;145800;243;7;1;10,291;179,15;964,375;8,458;None;None;None;None;None;None;-10921639;964,375;1004;507;1157;398287;146,198;15,391;0,335;3,31
ID1885142;1885142;59;15,408;205,4;172,25;0;146400;244;7;1;10,55;184,867;982,939;7,203;None;None;None;None;None;None;-10921639;982,939;1031;502;1188;405954;148,764;15,411;0,349;3,419
ID1885405;1885405;59;15,284;205,4;172,25;0;147000;245;7;1;10,281;179,048;968,709;6,877;None;None;None;None;None;None;-10921639;968,709;1015;507;1183;400077;151,541;15,441;0,348;3,3
ID1885669;1885669;59;15,399;205,4;174,2;0;147600;246;7;1;9,872;183,927;975,646;8,039;None;None;None;None;None;None;-10921639;975,646;1012;507;1188;402942;147,116;15,395;0,353;3,459
ID1885933;1885933;59;15,053;205,4;174,2;0;148200;247;7;1;9,358;176,753;954,736;7,412;None;None;None;None;None;None;-10921639;954,736;984;507;1169;394306;148,788;15,432;0,354;3,352
ID1886208;1886208;59;16,789;207,35;174,2;0;148800;248;7;1;9,937;186,104;980,048;6,995;None;None;None;None;None;None;-10921639;980,048;1012;544;1197;404760;145,94;15,499;0,401;3,844
ID1886485;1886485;59;16,151;204,75;173,55;0;149400;249;7;1;9,131;183,053;975,254;7,341;None;None;None;None;None;None;-10921639;975,254;1012;524;1220;402780;144,271;15,388;0,379;3,716
ID1886762;1886762;59;15,51;204,1;172,9;0;150000;250;7;1;9,027;178,877;957,654;6,637;None;None;None;None;None;None;-10921639;957,654;993;496;1162;395511;136,077;15,419;0,369;3,792
ID1887041;1887041;59;15,798;203,45;172,25;0;150600;251;7;1;8,959;183,898;973,053;6,019;None;None;None;None;None;None;-10921639;973,053;1012;423;1186;401871;156,446;15,4;0,364;3,319
ID1887330;1887330;59;16,306;202,15;172,9;0;151200;252;7;1;9,847;184,659;979,196;8,494;None;None;None;None;None;None;-10921639;979,196;1015;455;1220;404408;157,037;15,248;0,374;3,393
ID1887614;1887614;59;15,302;203,45;172,25;0;151800;253;7;1;8,075;179,755;958,538;7,654;None;None;None;None;None;None;-10921639;958,538;1009;374;1127;395876;158,213;15,594;0,365;3,239
ID1887901;1887901;59;14,827;203,45;172,9;0;152400;254;7;1;10,155;176,271;955,441;7,397;None;None;None;None;None;None;-10921639;955,441;993;449;1130;394597;146,244;15,686;0,347;3,368
ID1888189;1888189;59;14,441;202,15;171,6;0;153000;255;7;1;9,133;170,484;936,315;6,692;None;None;None;None;None;None;-10921639;936,315;990;473;1140;386698;148,93;15,427;0,341;3,194
ID1888761;1888761;59;14,681;202,8;171,6;0;153600;256;7;1;8,634;176,344;950,206;6,814;None;None;None;None;None;None;-10921639;950,206;1004;381;1145;392435;154,211;15,66;0,349;3,189
ID1889039;1889039;59;14,989;202,8;171,6;0;154200;257;7;1;9,097;178,797;961,211;7,533;None;None;None;None;None;None;-10921639;961,211;1012;403;1135;396980;153,304;15,808;0,358;3,305
ID1888478;1888478;59;14,639;202,15;171,6;0;154800;258;7;1;9,908;177,458;955,857;7,617;None;None;None;None;None;None;-10921639;955,857;1009;317;1140;394769;158,427;15,671;0,341;3,067
ID1889326;1889326;59;14,135;201,5;170,3;0;155400;259;7;1;11,281;170,557;942,605;6,632;None;None;None;None;None;None;-10921639;942,605;987;359;1130;389296;146,32;15,616;0,334;3,223
ID1889616;1889616;59;14,909;200,85;171,6;0;156000;260;7;1;9,959;174,291;949,031;8,208;None;None;None;None;None;None;-10921639;949,031;998;317;1127;391950;154,906;15,356;0,34;3,11
ID1889904;1889904;59;14,652;202,15;172,25;0;156600;261;7;1;9,818;181,743;973,954;7,324;None;None;None;None;None;None;-10921639;973,954;1012;343;1174;402243;153,128;15,572;0,329;3,147
ID1890188;1890188;59;14,451;201,5;171,6;0;157200;262;7;1;9,063;175,862;948,862;6,266;None;None;None;None;None;None;-10921639;948,862;981;308;1152;391880;153,311;15,58;0,341;3,145
ID1890475;1890475;59;14,345;200,85;171,6;0;157800;263;7;1;9,416;181,814;965;6,855;None;None;None;None;None;None;-10921639;965;1007;343;1176;398545;159,142;15,221;0,311;2,877
ID1891375;1891375;59;13,727;199,55;170,95;0;158400;264;7;1;8,801;175,022;946,305;8,341;None;None;None;None;None;None;-10921639;946,305;998;366;1147;390824;157,322;15,189;0,297;2,752
ID1891075;1891075;59;14,35;199,55;171,6;0;159000;265;7;1;9,722;180,651;963,046;7,455;None;None;None;None;None;None;-10921639;963,046;995;410;1211;397738;169,025;11,377;0,313;2,718
ID1890776;1890776;59;14,307;199,55;171,6;0;159600;266;7;1;9,247;184,08;971,044;7,179;None;None;None;None;None;None;-10921639;971,044;1004;423;1227;401041;168,578;11,391;0,312;2,742
ID1891677;1891677;59;14,256;200,2;171,6;0;160200;267;7;1;9,741;182,412;964,864;8,419;None;None;None;None;None;None;-10921639;964,864;990;366;1207;398489;167,371;15,259;0,315;2,76
ID1891976;1891976;59;14,039;200,85;172,25;0;160800;268;7;1;10,821;183,714;971,591;7,743;None;None;None;None;None;None;-10921639;971,591;998;334;1171;401267;161,816;15,435;0,311;2,85
ID1892264;1892264;59;14,291;201,5;172,25;0;161400;269;7;1;12,407;188,189;991,821;7,513;None;None;None;None;None;None;-10921639;991,821;1029;326;1162;409622;155,021;15,477;0,323;3,121
ID1892554;1892554;59;14,168;201,5;172,25;0;162000;270;7;1;12,291;184,831;987,218;7,46;None;None;None;None;None;None;-10921639;987,218;1018;334;1181;407721;156,64;15,432;0,315;3,022
ID1892839;1892839;59;13,704;201,5;171,6;0;162600;271;7;1;12,525;179,182;972,136;6,685;None;None;None;None;None;None;-10921639;972,136;1015;326;1159;401492;166,741;15,397;0,307;2,737
ID1893408;1893408;59;13,656;202,8;172,25;0;163200;272;7;1;13,223;175,412;955,215;6,988;None;None;None;None;None;None;-10921639;955,215;1004;280;1147;394504;168,121;15,431;0,326;2,797
ID1893124;1893124;59;13,718;202,8;172,25;0;163800;273;7;1;12,843;183,642;980,094;7,412;None;None;None;None;None;None;-10921639;980,094;1026;280;1181;404779;173,059;15,37;0,323;2,764
ID1893697;1893697;59;13,396;202,8;172,25;0;164400;274;7;1;12,525;181,017;975,002;6,494;None;None;None;None;None;None;-10921639;975,002;1023;269;1169;402676;163,869;15,435;0,312;2,832
ID1893990;1893990;59;13,591;201,5;170,95;0;165000;275;7;1;11,961;179,303;967,3;6,801;None;None;None;None;None;None;-10921639;967,3;1020;289;1174;399495;170,236;15,358;0,318;2,741
ID1894285;1894285;59;12,793;200,85;172,25;0;165600;276;7;1;12,099;169,843;932,724;7,424;None;None;None;None;None;None;-10921639;932,724;964;351;1145;385215;170,113;15,145;0,297;2,512
ID1894574;1894574;59;13,099;200,85;172,9;0;166200;277;7;1;12,651;176,63;961,213;7,412;None;None;None;None;None;None;-10921639;961,213;1007;351;1159;396981;167,047;15,137;0,297;2,633
ID1894861;1894861;59;13,084;202,15;172,25;0;166800;278;7;1;13,852;181,094;974,901;7,005;None;None;None;None;None;None;-10921639;974,901;1015;343;1176;402634;163,322;15,202;0,304;2,78
ID1895143;1895143;59;13,324;201,5;170,95;0;167400;279;7;1;14,772;175,499;960,707;6,811;None;None;None;None;None;None;-10921639;960,707;998;289;1183;396772;171,291;15,03;0,311;2,664
ID1895435;1895435;59;12,803;201,5;170,95;0;168000;280;7;1;14,37;171,511;942,046;8,617;None;None;None;None;None;None;-10921639;942,046;978;259;1178;389065;180,045;11,42;0,293;2,372
ID1896019;1896019;59;12,868;202,8;171,6;0;168600;281;7;1;15,058;177,932;968,76;7,596;None;None;None;None;None;None;-10921639;968,76;1023;236;1183;400098;181,928;15,151;0,292;2,407
ID1895729;1895729;59;13,549;202,15;171,6;0;169200;282;7;1;13,772;189,571;999,266;7,714;None;None;None;None;None;None;-10921639;999,266;1045;334;1197;412697;162,796;15,163;0,308;2,892
ID1896315;1896315;59;13,408;202,15;170,95;0;169800;283;7;1;14,341;175,646;952,86;7,395;None;None;None;None;None;None;-10921639;952,86;1018;183;1164;393531;210,212;11,36;0,314;2,167
ID1896621;1896621;59;12,549;204,1;171,6;0;170400;284;7;1;16,404;173,995;951,395;7,412;None;None;None;None;None;None;-10921639;951,395;1023;224;1207;392926;213,059;11,368;0,301;2,068
ID1896929;1896929;59;12,877;203,45;170,95;0;171000;285;7;1;13,898;174,782;955,085;7,368;None;None;None;None;None;None;-10921639;955,085;1031;198;1214;394450;213,064;11,371;0,294;2,038
ID1897237;1897237;59;13,898;204,1;172,25;0;171600;286;7;1;14,557;192,971;1007,603;7,574;None;None;None;None;None;None;-10921639;1007,603;1069;366;1245;416140;170,091;15,2;0,31;2,805
ID1897539;1897539;59;12,379;203,45;171,6;0;172200;287;7;1;11,356;174;943,327;7,196;None;None;None;None;None;None;-10921639;943,327;1001;374;1252;389594;184,352;15,062;0,28;2,24
ID1897836;1897836;59;12,362;202,15;172,25;0;172800;288;7;1;11,46;170,436;933,4;8,044;None;None;None;None;None;None;-10921639;933,4;1001;299;1174;385494;206,188;11,338;0,281;1,985
ID1898137;1898137;59;12,952;202,8;170,95;0;173400;289;7;1;12,157;172,165;938,586;7,567;None;None;None;None;None;None;-10921639;938,586;1023;299;1162;387636;206,315;11,377;0,307;2,139
ID1898445;1898445;59;12,603;203,45;172,25;0;174000;290;7;1;11,574;172,397;934,312;8,237;None;None;None;None;None;None;-10921639;934,312;998;248;1243;385871;207,176;15,109;0,302;2,093
ID1898745;1898745;59;14,533;204,1;172,25;0;174600;291;7;1;13,424;189,661;996,617;7,157;None;None;None;None;None;None;-10921639;996,617;1069;299;1236;411603;204,579;15,189;0,323;2,381
ID1899054;1899054;59;14,265;204,75;172,9;0;175200;292;7;1;15,063;198,169;1018,215;7,39;None;None;None;None;None;None;-10921639;1018,215;1089;374;1257;420523;193,906;15,257;0,318;2,531
ID1899356;1899356;59;13,885;205,4;172,9;0;175800;293;7;1;15,111;195,872;1010,535;7,985;None;None;None;None;None;None;-10921639;1010,535;1107;289;1232;417351;219,688;15,158;0,297;2,104
ID1899661;1899661;59;13,699;204,75;172,9;0;176400;294;7;1;14,768;192,475;993,6;7,654;None;None;None;None;None;None;-10921639;993,6;1082;269;1234;410357;228,227;11,385;0,291;1,963
ID1899963;1899963;59;13,675;204,75;172,25;0;177000;295;7;1;16,683;184,743;973,801;7,455;None;None;None;None;None;None;-10921639;973,801;1056;211;1248;402180;245,728;11,337;0,282;1,742
ID1900265;1900265;59;12,742;204,75;172,25;0;177600;296;7;1;14,571;171,826;932,475;7,162;None;None;None;None;None;None;-10921639;932,475;1009;248;1209;385112;244,922;11,314;0,262;1,581
ID1900573;1900573;59;12,184;204,75;173,55;0;178200;297;7;1;14,717;175,32;945,678;7,956;None;None;None;None;None;None;-10921639;945,678;1034;259;1204;390565;236,027;11,275;0,227;1,484
ID1900879;1900879;59;12,004;203,45;172,25;0;178800;298;7;1;15,308;174,061;926,956;7,201;None;None;None;None;None;None;-10921639;926,956;1039;198;1211;382833;274,999;11,174;0,215;1,194
ID1901193;1901193;59;12,118;202,15;172,9;0;179400;299;7;1;13,973;171,404;920,874;7,264;None;None;None;None;None;None;-10921639;920,874;1020;211;1209;380321;260,813;11,121;0,216;1,254
ID1901505;1901505;59;10,934;201,5;172,25;0;180000;300;7;1;14,293;160,056;894,482;7,315;None;None;None;None;None;None;-10921639;894,482;990;248;1174;369421;255,346;11,067;0,187;1,103
ID1901825;1901825;59;11,032;201,5;172,25;0;180600;301;7;1;15,012;175,262;938,356;7,213;None;None;None;None;None;None;-10921639;938,356;1056;289;1279;387541;251,883;11,122;0,185;1,164
ID1902143;1902143;59;11,62;200,85;172,25;0;181200;302;7;1;15,424;180,487;949,637;7,775;None;None;None;None;None;None;-10921639;949,637;1066;211;1252;392200;259,321;11,198;0,205;1,247
ID1902458;1902458;59;11,409;200,85;171,6;0;181800;303;7;1;14,891;177,148;948,477;7,339;None;None;None;None;None;None;-10921639;948,477;1050;236;1225;391721;253;11,21;0,195;1,225
ID1902774;1902774;59;11,214;200,2;172,25;0;182400;304;7;1;17,518;172,777;942,424;6,978;None;None;None;None;None;None;-10921639;942,424;1048;198;1236;389221;255,012;11,136;0,187;1,166
ID1903406;1903406;59;11,956;200,85;171,6;0;183000;305;7;1;17,719;188,104;990,908;6,3;None;None;None;None;None;None;-10921639;990,908;1082;317;1311;409245;218,208;11,262;0,206;1,553
ID1903093;1903093;59;12,737;200,2;170,95;0;183600;306;7;1;19,833;182,906;974,93;6,772;None;None;None;None;None;None;-10921639;974,93;1053;198;1268;402646;258,267;11,19;0,225;1,387
ID1903726;1903726;59;12,101;199,55;170,95;0;184200;307;7;1;17,683;180,777;978,61;8,019;None;None;None;None;None;None;-10921639;978,61;1058;299;1245;404166;226,253;11,206;0,216;1,539
ID1904049;1904049;59;12,605;200,2;169,65;0;184800;308;7;1;19,617;184,615;988,012;6,646;None;None;None;None;None;None;-10921639;988,012;1074;248;1287;408049;237,224;11,219;0,225;1,529
ID1904377;1904377;59;14,226;200,2;170,95;0;185400;309;7;1;20,337;183,121;985,344;7,939;None;None;None;None;None;None;-10921639;985,344;1069;351;1261;406947;251,261;11,227;0,267;1,652
ID1904706;1904706;59;13,897;199,55;172,9;0;186000;310;7;1;18,266;199,38;1025,574;7,203;None;None;None;None;None;None;-10921639;1025,574;1100;374;1259;423562;209,833;11,258;0,249;1,946
ID1905030;1905030;59;15,043;198,9;172,9;0;186600;311;7;1;17,877;192,787;1011,937;7,247;None;None;None;None;None;None;-10921639;1011,937;1089;366;1234;417930;203,46;11,296;0,293;2,253
ID1905357;1905357;59;16,298;198,9;173,55;0;187200;312;7;1;23,177;192,685;1023,632;7,218;None;None;None;None;None;None;-10921639;1023,632;1105;396;1252;422760;201,612;11,319;0,322;2,472
ID1906019;1906019;59;17,621;198,9;173,55;0;187800;313;7;1;25,826;203,467;1062,039;7,177;None;None;None;None;None;None;-10921639;1062,039;1140;381;1279;438622;195,113;11,332;0,348;2,813
ID1905692;1905692;59;17,519;198,9;174,2;0;188400;314;7;1;26,271;205,01;1073,395;7,438;None;None;None;None;None;None;-10921639;1073,395;1137;490;1248;443312;164,987;15,248;0,354;3,399
ID1906347;1906347;59;18,558;199,55;173,55;0;189000;315;7;1;27,835;208,252;1087,949;7,835;None;None;None;None;None;None;-10921639;1087,949;1150;467;1274;449323;173,615;15,411;0,385;3,481
ID1906668;1906668;59;18,598;200,2;173,55;0;189600;316;7;1;27,777;202;1072,017;7,269;None;None;None;None;None;None;-10921639;1072,017;1142;455;1248;442743;175,616;15,47;0,399;3,481
ID1906984;1906984;59;19,868;200,85;172,25;0;190200;317;7;1;31,303;210,107;1097,492;8,346;None;None;None;None;None;None;-10921639;1097,492;1171;410;1281;453264;188,105;15,47;0,428;3,497
ID1907316;1907316;59;20,206;201,5;171,6;0;190800;318;7;1;29,567;213,051;1098,923;6,46;None;None;None;None;None;None;-10921639;1098,923;1166;436;1311;453855;188,501;15,36;0,435;3,533
ID1907635;1907635;59;19,07;202,8;172,25;0;191400;319;7;1;26,533;207,455;1078,913;6,794;None;None;None;None;None;None;-10921639;1078,913;1154;359;1261;445591;193,779;15,313;0,408;3,225
ID1907960;1907960;59;19,374;203,45;172,9;0;192000;320;7;1;30,961;215,496;1111,579;7,627;None;None;None;None;None;None;-10921639;1111,579;1164;490;1307;459082;167,606;15,224;0,403;3,813
ID1908280;1908280;59;18,909;202,8;172,25;0;192600;321;7;1;30,373;209,027;1093,225;6,966;None;None;None;None;None;None;-10921639;1093,225;1142;490;1285;451502;163,548;15,335;0,406;3,862
ID1908612;1908612;59;18,228;202,8;172,25;0;193200;322;7;1;30,424;207,797;1087,86;6,93;None;None;None;None;None;None;-10921639;1087,86;1140;455;1248;449286;151,522;15,511;0,404;4,128
ID1908940;1908940;59;17,725;202,15;172,25;0;193800;323;7;1;30,663;203,92;1081,671;7,884;None;None;None;None;None;None;-10921639;1081,671;1140;388;1254;446730;162,738;15,448;0,401;3,805
ID1909267;1909267;59;17,934;202,8;172,9;0;194400;324;7;1;30,523;210,378;1093,617;7,022;None;None;None;None;None;None;-10921639;1093,617;1166;396;1261;451664;168,824;15,482;0,397;3,685
ID1909593;1909593;59;18,112;202,8;173,55;0;195000;325;7;1;31,811;214,034;1110,942;6,438;None;None;None;None;None;None;-10921639;1110,942;1169;479;1287;458819;158,897;15,253;0,383;3,876
ID1909908;1909908;59;18,664;201,5;173,55;0;195600;326;7;1;32,349;204,077;1080,409;6,571;None;None;None;None;None;None;-10921639;1080,409;1132;455;1252;446209;159,157;15,419;0,421;4,025
ID1910227;1910227;59;17,963;200,85;173,55;0;196200;327;7;1;32,84;209,891;1102,354;7,005;None;None;None;None;None;None;-10921639;1102,354;1157;507;1259;455272;147,055;15,378;0,395;4,246
ID1910537;1910537;59;18,141;200,2;172,25;0;196800;328;7;1;31,416;209,855;1100,525;6,32;None;None;None;None;None;None;-10921639;1100,525;1164;396;1290;454517;165,021;15,548;0,41;3,881
ID1910848;1910848;59;17,398;200,85;171,6;0;197400;329;7;1;31,816;204,145;1084,671;7,046;None;None;None;None;None;None;-10921639;1084,671;1145;198;1265;447969;190,898;15,604;0,395;3,218
ID1911155;1911155;59;16,963;202,8;171,6;0;198000;330;7;1;32,334;203,116;1084,726;6,925;None;None;None;None;None;None;-10921639;1084,726;1150;259;1265;447992;193,692;15,772;0,388;3,129
ID1911474;1911474;59;18,217;202,8;171,6;0;198600;331;7;1;36,16;211,126;1116,322;7,639;None;None;None;None;None;None;-10921639;1116,322;1171;334;1265;461041;161,633;15,656;0,414;4,046
ID1911798;1911798;59;17,523;202,15;170,3;0;199200;332;7;1;32,455;199,835;1080,702;7,772;None;None;None;None;None;None;-10921639;1080,702;1127;416;1248;446330;148,413;18,636;0,404;4,193
ID1912113;1912113;59;18,013;202,15;172,25;0;199800;333;7;1;31,956;196,395;1070,075;7,324;None;None;None;None;None;None;-10921639;1070,075;1110;534;1223;441941;133,24;15,533;0,418;4,734
ID1912433;1912433;59;17,082;201,5;171,6;0;200400;334;7;1;32,506;192,027;1058,586;7,4;None;None;None;None;None;None;-10921639;1058,586;1097;555;1216;437196;121,358;15,518;0,38;4,803
ID1912757;1912757;59;17,831;202,15;170,3;0;201000;335;7;1;34,496;200,397;1089,368;7,341;None;None;None;None;None;None;-10921639;1089,368;1137;639;1220;449909;122,197;15,603;0,394;5,04
ID1913082;1913082;59;17,689;202,15;170,3;0;201600;336;7;1;36,712;198,131;1091,506;6,782;None;None;None;None;None;None;-10921639;1091,506;1140;643;1209;450792;116,027;15,622;0,389;5,273
ID1913404;1913404;59;17,964;202,8;170,3;0;202200;337;7;1;38,729;206,034;1116,145;7,332;None;None;None;None;None;None;-10921639;1116,145;1159;694;1265;460968;124,17;15,548;0,374;4,896
ID1914356;1914356;59;17,322;203,45;169,65;0;202800;338;7;1;50,937;213,375;1159,298;36,295;None;None;None;None;None;None;-10921639;1159,298;1202;669;1326;478790;124,446;15,544;0,337;4,691
ID1913715;1913715;59;18,85;204,75;169,65;0;203400;339;7;1;38,501;208,685;1122,087;6,705;None;None;None;None;None;None;-10921639;1122,087;1166;639;1283;463422;133,856;15,645;0,407;4,848
ID1914031;1914031;59;18,452;205,4;170,3;0;204000;340;7;1;39,111;205,738;1111,872;6,646;None;None;None;None;None;None;-10921639;1111,872;1164;584;1279;459203;135,037;15,628;0,397;4,677
ID1914670;1914670;59;18,349;206,05;169,65;0;204600;341;7;1;41,985;212,056;1139,985;8,295;None;None;None;None;None;None;-10921639;1139,985;1188;643;1296;470814;134,372;15,864;0,382;4,694
ID1915004;1915004;59;18,478;204,1;169,65;0;205200;342;7;1;41,429;207,136;1120,959;7,707;None;None;None;None;None;None;-10921639;1120,959;1169;518;1270;462956;129,016;15,723;0,412;5,068
ID1915329;1915329;59;18,448;202,8;170,3;0;205800;343;7;1;42,274;212,32;1137,869;7,138;None;None;None;None;None;None;-10921639;1137,869;1178;603;1263;469940;113,731;15,607;0,4;5,718
ID1915651;1915651;59;17,861;201,5;170,95;0;206400;344;7;1;43,794;213,935;1142,768;8,92;None;None;None;None;None;None;-10921639;1142,768;1186;648;1287;471963;120,115;15,716;0,374;5,181
ID1915978;1915978;59;17,451;199,55;170,95;0;207000;345;7;1;39,351;196,015;1087,598;6,443;None;None;None;None;None;None;-10921639;1087,598;1132;518;1285;449178;144,954;15,531;0,372;4,069
ID1916295;1916295;59;18,311;198,25;170,3;0;207600;346;7;1;43,969;205,966;1124,709;7,593;None;None;None;None;None;None;-10921639;1124,709;1157;589;1313;464505;139,033;15,496;0,379;4,446
ID1916933;1916933;59;18,939;197,6;170,95;0;208200;347;7;1;44,184;211,84;1138,254;6,993;None;None;None;None;None;None;-10921639;1138,254;1178;560;1330;470099;146,612;15,48;0,392;4,374
ID1916617;1916617;59;19,707;197,6;169;0;208800;348;7;1;48,208;225,734;1178,15;7,24;None;None;None;None;None;None;-10921639;1178,15;1227;555;1368;486576;162,499;15,349;0,391;4,077
ID1917256;1917256;59;19,407;197,6;170,3;0;209400;349;7;1;48,678;221,407;1174,755;7,024;None;None;None;None;None;None;-10921639;1174,755;1223;507;1378;485174;159,288;15,504;0,387;4,114
ID1917585;1917585;59;19,256;196,95;169,65;0;210000;350;7;1;51,579;219,705;1171,322;8,012;None;None;None;None;None;None;-10921639;1171,322;1218;579;1382;483756;165,384;15,611;0,385;3,936
ID1917911;1917911;59;19,872;196,95;169,65;0;210600;351;7;1;49,133;224,697;1174,983;7,787;None;None;None;None;None;None;-10921639;1174,983;1234;529;1390;485268;183,269;15,513;0,394;3,621
ID1918231;1918231;59;19,163;195;169,65;0;211200;352;7;1;44,262;224,419;1162,952;7,722;None;None;None;None;None;None;-10921639;1162,952;1200;436;1390;480299;196,75;11,379;0,374;3,219
ID1918556;1918556;59;18,324;195,65;169,65;0;211800;353;7;1;45,056;217,603;1147,162;7,034;None;None;None;None;None;None;-10921639;1147,162;1197;461;1390;473778;194,008;11,36;0,351;3,07
ID1918884;1918884;59;19,074;195;169,65;0;212400;354;7;1;45,109;224,755;1159,036;8,034;None;None;None;None;None;None;-10921639;1159,036;1218;436;1430;478682;221,698;11,32;0,353;2,727
ID1919206;1919206;59;17,767;193,05;169;0;213000;355;7;1;44,303;220,143;1142,845;7,361;None;None;None;None;None;None;-10921639;1142,845;1214;388;1424;471995;231,285;11,31;0,317;2,379
ID1919528;1919528;59;19,032;195;169;0;213600;356;7;1;50,131;227,489;1179,433;6,726;None;None;None;None;None;None;-10921639;1179,433;1227;436;1470;487106;219,544;11,342;0,355;2,812
ID1919858;1919858;59;19,334;195;169;0;214200;357;7;1;47,729;222,308;1161,569;6,409;None;None;None;None;None;None;-10921639;1161,569;1209;436;1441;479728;221,256;11,329;0,361;2,783
ID1920185;1920185;59;19,242;195,65;172,25;0;214800;358;7;1;48,596;229,177;1179,729;8,351;None;None;None;None;None;None;-10921639;1179,729;1236;366;1449;487228;220,681;11,351;0,358;2,82
ID1920502;1920502;59;20,094;195;171,6;0;215400;359;7;1;51,673;242,402;1211,768;7,063;None;None;None;None;None;None;-10921639;1211,768;1259;442;1508;500460;220,881;11,344;0,365;2,934
ID1920822;1920822;59;20,247;195;170,95;0;216000;360;7;1;50,467;236,23;1203,191;7,395;None;None;None;None;None;None;-10921639;1203,191;1257;423;1482;496918;206,363;11,368;0,375;3,179
ID1921148;1921148;59;19,894;195;171,6;0;216600;361;7;1;48,402;226,077;1173,906;7,913;None;None;None;None;None;None;-10921639;1173,906;1216;534;1478;484823;202,343;11,347;0,376;3,168
ID1921467;1921467;59;20,049;195;170,95;0;217200;362;7;1;51,93;234,644;1196,266;7,281;None;None;None;None;None;None;-10921639;1196,266;1227;442;1487;494058;199,913;11,379;0,382;3,31
ID1922107;1922107;59;20,478;195;170,95;0;217800;363;7;1;53,896;233,651;1203,632;7,436;None;None;None;None;None;None;-10921639;1203,632;1241;430;1445;497100;193,548;15,232;0,396;3,531
ID1921786;1921786;59;20,795;194,35;170,3;0;218400;364;7;1;54,082;234,656;1196,327;7,431;None;None;None;None;None;None;-10921639;1196,327;1263;308;1468;494083;236,18;11,345;0,386;2,819
ID1922435;1922435;59;21,506;195;170,95;0;219000;365;7;1;60,433;247,501;1245,814;7,559;None;None;None;None;None;None;-10921639;1245,814;1303;485;1495;514521;212,086;11,363;0,386;3,274
ID1922763;1922763;59;20,32;194,35;169,65;0;219600;366;7;1;55,446;239,416;1217,596;7,09;None;None;None;None;None;None;-10921639;1217,596;1274;430;1466;502867;207,76;11,367;0,372;3,181
ID1923089;1923089;59;20,939;194,35;172,25;0;220200;367;7;1;56,91;245,111;1234,688;7,76;None;None;None;None;None;None;-10921639;1234,688;1300;374;1517;509926;227,474;11,363;0,38;2,988
ID1923416;1923416;59;19,796;195;172,9;0;220800;368;7;1;54,918;234,668;1210,143;7,259;None;None;None;None;None;None;-10921639;1210,143;1259;539;1485;499789;200,522;11,364;0,362;3,211
ID1923742;1923742;59;20,233;195,65;172,9;0;221400;369;7;1;61,424;235,424;1219,482;7,005;None;None;None;None;None;None;-10921639;1219,482;1259;502;1484;503646;197,007;11,369;0,369;3,338
ID1924068;1924068;59;20,482;195;172,9;0;222000;370;7;1;63,327;250,196;1263,034;6,714;None;None;None;None;None;None;-10921639;1263,034;1311;416;1566;521633;210,813;11,357;0,357;3,152
ID1924734;1924734;59;19,155;195;172,25;0;222600;371;7;1;57,3;236,513;1214,044;7,395;None;None;None;None;None;None;-10921639;1214,044;1259;442;1500;501400;209,417;11,341;0,338;2,929
ID1924402;1924402;59;20,272;195;172,25;0;223200;372;7;1;64,424;237,375;1234,177;7,281;None;None;None;None;None;None;-10921639;1234,177;1279;473;1517;509715;201,217;11,362;0,363;3,268
ID1925062;1925062;59;18,737;195;172,25;0;223800;373;7;1;58,78;223,199;1189,048;7,295;None;None;None;None;None;None;-10921639;1189,048;1230;490;1416;491077;192,064;11,36;0,339;3,134
ID1925383;1925383;59;17,86;195;172,9;0;224400;374;7;1;62,63;219,54;1185,54;6,954;None;None;None;None;None;None;-10921639;1185,54;1223;513;1420;489628;175,582;11,371;0,322;3,289
ID1925719;1925719;59;15,496;196,95;171,6;0;225000;375;7;1;55,155;208,281;1141,823;7,194;None;None;None;None;None;None;-10921639;1141,823;1193;374;1392;471573;217,467;11,37;0,279;2,288
ID1926050;1926050;59;16,07;196,95;172,25;0;225600;376;7;1;54,954;208,501;1146,525;6,998;None;None;None;None;None;None;-10921639;1146,525;1200;374;1424;473515;207,388;11,367;0,288;2,474
ID1926381;1926381;59;17,644;196,95;171,6;0;226200;377;7;1;60,228;218,896;1179,869;6,792;None;None;None;None;None;None;-10921639;1179,869;1227;334;1406;487286;196,038;15,305;0,342;3,069
ID1926722;1926722;59;19,195;196,3;172,25;0;226800;378;7;1;65,92;224,116;1201,196;6,763;None;None;None;None;None;None;-10921639;1201,196;1248;280;1474;496094;209,032;11,387;0,36;3,04
ID1927054;1927054;59;20,022;195,65;174,2;0;227400;379;7;1;64,591;224,92;1203,654;8,525;None;None;None;None;None;None;-10921639;1203,654;1252;381;1499;497109;211,009;11,355;0,363;3,037
ID1927395;1927395;59;19,824;196,3;173,55;0;228000;380;7;1;66,266;223,271;1208,414;8,278;None;None;None;None;None;None;-10921639;1208,414;1248;449;1484;499075;193,946;11,354;0,356;3,269
ID1927727;1927727;59;17,045;195,65;172,9;0;228600;381;7;1;60,479;204,048;1154,37;7,557;None;None;None;None;None;None;-10921639;1154,37;1190;490;1366;476755;152,19;15,161;0,315;3,636
ID1928067;1928067;59;16,631;198,25;172,9;0;229200;382;7;1;57,259;194,114;1121,835;7,521;None;None;None;None;None;None;-10921639;1121,835;1178;326;1330;463318;191,993;15,394;0,312;2,78
ID1928401;1928401;59;16,581;197,6;173,55;0;229800;383;7;1;57,993;192,833;1119,559;6,719;None;None;None;None;None;None;-10921639;1119,559;1162;473;1322;462378;168,543;15,292;0,315;3,183
ID1928737;1928737;59;15,958;196,3;173,55;0;230400;384;7;1;56,341;187,542;1106,85;8,123;None;None;None;None;None;None;-10921639;1106,85;1152;455;1309;457129;163,766;15,303;0,3;3,121
ID1929069;1929069;59;15,998;194,35;174,2;0;231000;385;7;1;55,409;186,354;1100,269;7,346;None;None;None;None;None;None;-10921639;1100,269;1140;479;1265;454411;151,387;15,302;0,312;3,456
ID1929403;1929403;59;17,273;191,1;174,2;0;231600;386;7;1;63,489;213,453;1189,259;7,087;None;None;None;None;None;None;-10921639;1189,259;1216;589;1370;491164;139,492;15,44;0,316;4,095
ID1929737;1929737;59;18,651;188,5;173,55;0;232200;387;7;1;68,847;219,579;1211,7;7,552;None;None;None;None;None;None;-10921639;1211,7;1241;682;1485;500432;168,714;15,491;0,326;3,531
ID1930073;1930073;59;19,478;186,55;172,9;0;232800;388;7;1;74,45;222,772;1228,322;7,76;None;None;None;None;None;None;-10921639;1228,322;1254;682;1508;507297;186,434;15,475;0,335;3,306
ID1930415;1930415;59;19,187;184,6;173,55;0;233400;389;7;1;72,615;220,404;1219,334;8,654;None;None;None;None;None;None;-10921639;1219,334;1250;677;1546;503585;205,851;15,338;0,329;2,934
ID1930751;1930751;59;19,437;183,3;173,55;0;234000;390;7;1;70,533;228,24;1229,133;8,034;None;None;None;None;None;None;-10921639;1229,133;1243;617;1534;507632;196,73;11,378;0,336;3,141
ID1931089;1931089;59;18,536;182,65;172,9;0;234600;391;7;1;68,121;220,017;1198,058;8,329;None;None;None;None;None;None;-10921639;1198,058;1207;612;1489;494798;186,604;11,376;0,336;3,229
ID1931421;1931421;59;19,858;182,65;172,9;0;235200;392;7;1;71,506;225,525;1227,024;9,15;None;None;None;None;None;None;-10921639;1227,024;1234;652;1543;506761;196,834;11,374;0,353;3,254
ID1931755;1931755;59;19,418;183,95;172,9;0;235800;393;7;1;68,55;224,639;1205,484;7,923;None;None;None;None;None;None;-10921639;1205,484;1225;473;1535;497865;199,702;11,394;0,367;3,239
ID1932091;1932091;59;18,261;184,6;172,25;0;236400;394;7;1;69,533;219,351;1208,734;7,508;None;None;None;None;None;None;-10921639;1208,734;1239;534;1466;499207;168,575;15,14;0,346;3,685
ID1932430;1932430;59;17,876;184,6;172,25;0;237000;395;7;1;65,484;206,385;1175,479;6,838;None;None;None;None;None;None;-10921639;1175,479;1216;461;1398;485473;173,965;15,21;0,353;3,525
ID1932780;1932780;59;18,649;184,6;172,25;0;237600;396;7;1;71,01;215,024;1205,845;8,024;None;None;None;None;None;None;-10921639;1205,845;1230;479;1432;498014;165,253;15,292;0,362;3,875
ID1933137;1933137;59;18,297;184,6;171,6;0;238200;397;7;1;72,441;217,656;1214,969;7,811;None;None;None;None;None;None;-10921639;1214,969;1239;455;1461;501782;180,289;15,362;0,349;3,49
ID1933492;1933492;59;17,384;183,95;172,9;0;238800;398;7;1;74,077;218,971;1220,886;8,199;None;None;None;None;None;None;-10921639;1220,886;1248;550;1499;504226;167,276;15,367;0,327;3,594
ID1933843;1933843;59;18,313;182,65;172,9;0;239400;399;7;1;76,983;223,591;1235,08;7,557;None;None;None;None;None;None;-10921639;1235,08;1277;436;1525;510088;205,104;15,225;0,323;2,942
ID1934558;1934558;59;19,247;182,65;172,25;0;240000;400;7;1;81,86;237,288;1276,584;8,254;None;None;None;None;None;None;-10921639;1276,584;1307;502;1557;527229;189,232;15,363;0,337;3,398
ID1934202;1934202;59;18,603;182,65;172,25;0;240600;401;7;1;78,746;231,501;1254,075;7,722;None;None;None;None;None;None;-10921639;1254,075;1283;550;1487;517933;170,233;15,482;0,338;3,72
ID1934925;1934925;59;19,504;183,3;171,6;0;241200;402;7;1;85,412;236,995;1276,085;7,627;None;None;None;None;None;None;-10921639;1276,085;1328;502;1470;527023;172,698;15,487;0,352;3,846
ID1935281;1935281;59;17,894;183,95;172,25;0;241800;403;7;1;72,533;213,407;1192,128;6,734;None;None;None;None;None;None;-10921639;1192,128;1241;308;1432;492349;187,584;15,494;0,349;3,289
ID1935638;1935638;59;17,887;184,6;171,6;0;242400;404;7;1;67,182;200,91;1158,661;8,036;None;None;None;None;None;None;-10921639;1158,661;1197;473;1364;478527;163,494;15,347;0,352;3,692
ID1935986;1935986;59;18,9;183,95;170,95;0;243000;405;7;1;71,564;216,308;1204,697;8,317;None;None;None;None;None;None;-10921639;1204,697;1239;513;1424;497540;176,44;15,445;0,365;3,652
ID1936342;1936342;59;19,024;183,95;171,6;0;243600;406;7;1;68,603;206,305;1173,705;7,692;None;None;None;None;None;None;-10921639;1173,705;1207;479;1380;484740;167,738;15,416;0,38;3,851
ID1936692;1936692;59;18,726;184,6;172,9;0;244200;407;7;1;69,777;206,155;1174,973;7,295;None;None;None;None;None;None;-10921639;1174,973;1214;560;1394;485264;172,67;15,32;0,37;3,675
ID1937042;1937042;59;18,781;184,6;173,55;0;244800;408;7;1;68,153;201,705;1156,392;7,291;None;None;None;None;None;None;-10921639;1156,392;1220;423;1420;477590;194,819;15,344;0,378;3,259
ID1937392;1937392;59;19,235;183,95;174,2;0;245400;409;7;1;73,184;210,816;1189,702;7,47;None;None;None;None;None;None;-10921639;1189,702;1250;485;1443;491347;195,354;15,371;0,377;3,338
ID1937744;1937744;59;19,004;183,95;173,55;0;246000;410;7;1;72,102;209,77;1183,608;7,429;None;None;None;None;None;None;-10921639;1183,608;1261;410;1445;488830;217,46;15,496;0,368;2,93
ID1938089;1938089;59;18,11;184,6;173,55;0;246600;411;7;1;68,145;198,511;1145,211;7,763;None;None;None;None;None;None;-10921639;1145,211;1218;403;1416;472972;234,709;15,343;0,346;2,506
ID1938438;1938438;59;17,57;185,25;173,55;0;247200;412;7;1;67,266;196,639;1132,574;7,385;None;None;None;None;None;None;-10921639;1132,574;1214;366;1428;467753;257,021;11,313;0,32;2,136
ID1938792;1938792;59;17,623;186,55;174,2;0;247800;413;7;1;67,4;193,513;1125,099;6,625;None;None;None;None;None;None;-10921639;1125,099;1220;289;1416;464666;266,036;11,291;0,318;2,04
ID1939150;1939150;59;17,029;186,55;174,2;0;248400;414;7;1;65,121;193,218;1103,005;7,6;None;None;None;None;None;None;-10921639;1103,005;1204;224;1430;455541;290,793;11,271;0,306;1,777
ID1939508;1939508;59;16,752;185,9;173,55;0;249000;415;7;1;64,477;181,881;1083,482;7,213;None;None;None;None;None;None;-10921639;1083,482;1186;259;1418;447478;298,814;11,219;0,297;1,662
ID1940224;1940224;59;15,421;185,25;173,55;0;249600;416;7;1;63,373;173,833;1061,094;7,758;None;None;None;None;None;None;-10921639;1061,094;1166;308;1426;438232;297,567;11,224;0,274;1,534
ID1939861;1939861;59;16,268;185,25;174,85;0;250200;417;7;1;61,964;169,84;1050,93;7,232;None;None;None;None;None;None;-10921639;1050,93;1142;248;1406;434034;288,238;11,251;0,31;1,724
ID1940590;1940590;59;15,247;185,25;174,85;0;250800;418;7;1;60,852;166,874;1021,915;7,92;None;None;None;None;None;None;-10921639;1021,915;1142;211;1439;422051;341,351;11,116;0,267;1,262
ID1940943;1940943;59;15,744;186,55;173,55;0;251400;419;7;1;62,613;168,213;1029,755;7,329;None;None;None;None;None;None;-10921639;1029,755;1164;198;1485;425289;353,711;11,087;0,275;1,254
ID1941300;1941300;59;15,085;185,9;174,85;0;252000;420;7;1;54,404;159,148;989,525;7,378;None;None;None;None;None;None;-10921639;989,525;1100;167;1384;408674;325,422;11,105;0,273;1,303
ID1941663;1941663;59;14,722;186,55;175,5;0;252600;421;7;1;54,048;154,944;967,048;7,55;None;None;None;None;None;None;-10921639;967,048;1069;211;1445;399391;338,368;11,099;0,269;1,211
ID1942023;1942023;59;16,137;186,55;174,2;0;253200;422;7;1;62,22;171,969;1039,317;7,39;None;None;None;None;None;None;-10921639;1039,317;1152;211;1461;429238;332,321;11,17;0,291;1,408
ID1942379;1942379;59;17,553;186,55;176,15;0;253800;423;7;1;72,257;190,102;1115,768;7,893;None;None;None;None;None;None;-10921639;1115,768;1230;183;1466;460812;325,26;11,203;0,302;1,593
ID1943106;1943106;59;18,678;186,55;175,5;0;254400;424;7;1;77,39;208,513;1185,719;7,596;None;None;None;None;None;None;-10921639;1185,719;1300;167;1478;489702;297,951;11,303;0,322;1,937
ID1942741;1942741;59;18,203;185,9;174,85;0;255000;425;7;1;73,818;194,833;1136,591;7,283;None;None;None;None;None;None;-10921639;1136,591;1239;259;1472;469412;301,379;11,273;0,326;1,853
ID1943462;1943462;59;19,029;185,9;174,85;0;255600;426;7;1;73,831;196,489;1141,354;7,036;None;None;None;None;None;None;-10921639;1141,354;1248;289;1480;471379;308,574;11,262;0,341;1,879
ID1943824;1943824;59;17,906;185,25;174,85;0;256200;427;7;1;70,375;187,513;1106,111;7,322;None;None;None;None;None;None;-10921639;1106,111;1211;236;1465;456824;309,861;11,25;0,33;1,772
ID1944186;1944186;59;18,158;185,9;174,2;0;256800;428;7;1;69,196;180,443;1085,341;7,927;None;None;None;None;None;None;-10921639;1085,341;1183;299;1451;448246;314,658;11,245;0,345;1,768
ID1944548;1944548;59;21,09;185,9;172,9;0;257400;429;7;1;84,676;211,327;1191,184;7,782;None;None;None;None;None;None;-10921639;1191,184;1296;280;1598;491959;342,745;11,256;0,371;1,882
ID1944909;1944909;59;18,902;183,95;173,55;0;258000;430;7;1;83,303;214,494;1191,879;7,513;None;None;None;None;None;None;-10921639;1191,879;1300;416;1550;492246;302,9;11,263;0,326;1,936
ID1945279;1945279;59;19,565;184,6;174,2;0;258600;431;7;1;79,329;216,554;1184,85;6,639;None;None;None;None;None;None;-10921639;1184,85;1292;308;1602;489343;336,242;11,24;0,333;1,761
ID1945654;1945654;59;18,402;183,95;176,15;0;259200;432;7;1;84,184;213,017;1193,852;8,022;None;None;None;None;None;None;-10921639;1193,852;1270;396;1577;493061;300,398;11,288;0,309;1,875
ID1946023;1946023;59;19,03;184,6;176,8;0;259800;433;7;1;88,421;216,54;1220,295;7,099;None;None;None;None;None;None;-10921639;1220,295;1300;490;1566;503982;274,611;11,315;0,327;2,189
ID1946400;1946400;59;17,348;184,6;176,15;0;260400;434;7;1;79,893;204,998;1159,542;7,031;None;None;None;None;None;None;-10921639;1159,542;1223;423;1563;478891;291,569;11,287;0,306;1,862
ID1946766;1946766;59;15,319;182,65;176,15;0;261000;435;7;1;66,186;174,76;1036,346;8,126;None;None;None;None;None;None;-10921639;1036,346;1122;198;1445;428011;312,2;11,186;0,276;1,437
ID1947134;1947134;59;15,279;182;175,5;0;261600;436;7;1;67,213;173,627;1045,044;7,145;None;None;None;None;None;None;-10921639;1045,044;1140;211;1502;431603;354,582;8,507;0,239;1,139
ID1947498;1947498;59;15,502;182;174,2;0;262200;437;7;1;67,015;168,634;1025,976;7,094;None;None;None;None;None;None;-10921639;1025,976;1115;149;1500;423728;353,496;8,516;0,252;1,167
ID1947876;1947876;59;14,649;181,35;172,9;0;262800;438;7;1;69,857;166,76;1019,55;6,811;None;None;None;None;None;None;-10921639;1019,55;1132;167;1485;421074;352,499;11,069;0,239;1,115
ID1948247;1948247;59;14,176;182,65;172,25;0;263400;439;7;1;68,155;164,218;1040,707;7,976;None;None;None;None;None;None;-10921639;1040,707;1112;198;1487;429812;310,749;11,187;0,241;1,302
ID1948627;1948627;59;15,753;182;172,9;0;264000;440;7;1;74,421;174,327;1093,84;6,937;None;None;None;None;None;None;-10921639;1093,84;1188;259;1497;451756;302,819;11,204;0,271;1,538
ID1949011;1949011;59;15,758;182;172,9;0;264600;441;7;1;73,056;174,375;1091,354;7,523;None;None;None;None;None;None;-10921639;1091,354;1181;236;1500;450729;296,487;11,226;0,272;1,575
ID1949393;1949393;59;14,658;182;172,9;0;265200;442;7;1;79,218;181,554;1131,581;7,107;None;None;None;None;None;None;-10921639;1131,581;1200;410;1457;467343;248,4;11,276;0,251;1,827
ID1949781;1949781;59;15,06;180,7;173,55;0;265800;443;7;1;76,414;190,308;1133,806;7,349;None;None;None;None;None;None;-10921639;1133,806;1202;416;1451;468262;247,185;11,283;0,254;1,86
ID1950176;1950176;59;14,742;179,4;173,55;0;266400;444;7;1;78,545;191,579;1146,269;7,041;None;None;None;None;None;None;-10921639;1146,269;1223;449;1412;473409;228,501;11,296;0,244;1,97
ID1950565;1950565;59;14,625;178,1;172,9;0;267000;445;7;1;80,794;192,356;1164,385;7,107;None;None;None;None;None;None;-10921639;1164,385;1234;455;1364;480891;191,749;11,336;0,25;2,427
ID1950956;1950956;59;14,13;176,8;173,55;0;267600;446;7;1;88,676;206,247;1200,361;9,598;None;None;None;None;None;None;-10921639;1200,361;1259;410;1526;495749;199,552;11,342;0,234;2,282
ID1951343;1951343;59;16,304;176,8;174,2;0;268200;447;7;1;101,69;231,477;1290,499;8,625;None;None;None;None;None;None;-10921639;1290,499;1332;524;1555;532976;191,503;11,41;0,27;2,862
ID1951721;1951721;59;15,298;176,15;172,9;0;268800;448;7;1;84,472;205,564;1190,213;7,915;None;None;None;None;None;None;-10921639;1190,213;1241;643;1361;491558;150,001;11,379;0,266;3,336
ID1952105;1952105;59;15,323;177,45;173,55;0;269400;449;7;1;88,697;210,232;1220,884;6,893;None;None;None;None;None;None;-10921639;1220,884;1263;648;1430;504225;156,802;11,395;0,264;3,256
ID1952487;1952487;59;14,762;176,8;173,55;0;270000;450;7;1;91,01;214,034;1237,002;7,182;None;None;None;None;None;None;-10921639;1237,002;1277;661;1472;510882;175,573;11,364;0,237;2,702
ID1952876;1952876;59;13,89;176,15;173,55;0;270600;451;7;1;88,453;205,453;1213,356;7,542;None;None;None;None;None;None;-10921639;1213,356;1257;534;1465;501116;191,627;11,342;0,223;2,307
ID1953266;1953266;59;13,234;177,45;172,9;0;271200;452;7;1;83,584;190,978;1168,356;7,467;None;None;None;None;None;None;-10921639;1168,356;1232;351;1426;482531;223,272;11,303;0,212;1,828
ID1953652;1953652;59;12,547;178,1;172,9;0;271800;453;7;1;87,93;200,61;1192,034;7,174;None;None;None;None;None;None;-10921639;1192,034;1254;455;1484;492310;209,595;11,323;0,192;1,836
ID1954039;1954039;59;12,275;177,45;172,25;0;272400;454;7;1;79,225;181,015;1119,966;6,719;None;None;None;None;None;None;-10921639;1119,966;1202;334;1472;462546;261,076;11,193;0,181;1,318
ID1954430;1954430;59;11,982;176,8;172,25;0;273000;455;7;1;80,726;188,317;1142,429;8,126;None;None;None;None;None;None;-10921639;1142,429;1248;334;1478;471823;277,681;11,172;0,166;1,17
ID1954811;1954811;59;10,474;174,85;172,25;0;273600;456;7;1;81,015;181,775;1118,62;7,184;None;None;None;None;None;None;-10921639;1118,62;1188;289;1461;461990;274,434;11,143;0,141;1,01
ID1955184;1955184;59;12,223;174,2;171,6;0;274200;457;7;1;88,622;199,189;1187,184;7,128;None;None;None;None;None;None;-10921639;1187,184;1243;343;1555;490307;288,587;11,173;0,166;1,174
ID1955560;1955560;59;13,466;174,85;171,6;0;274800;458;7;1;88,143;194,971;1174,416;6,988;None;None;None;None;None;None;-10921639;1174,416;1257;343;1554;485034;282,607;11,19;0,196;1,359
ID1955950;1955950;59;11,11;174,85;170,95;0;275400;459;7;1;79,16;178,487;1116,274;7,38;None;None;None;None;None;None;-10921639;1116,274;1171;308;1586;461021;264,28;11,257;0,173;1,246
ID1956334;1956334;59;13,023;176,15;172,25;0;276000;460;7;1;88,976;188,642;1171,746;7,695;None;None;None;None;None;None;-10921639;1171,746;1232;442;1563;483931;248,11;11,293;0,203;1,592
ID1956714;1956714;59;15,745;177,45;172,25;0;276600;461;7;1;102,983;200,77;1225,642;7,978;None;None;None;None;None;None;-10921639;1225,642;1290;449;1575;506190;257,017;11,221;0,225;1,753
ID1957501;1957501;59;15,935;176,8;172,9;0;277200;462;7;1;106,015;206,143;1246,596;7,831;None;None;None;None;None;None;-10921639;1246,596;1311;539;1595;514844;255,004;11,291;0,23;1,829
ID1957096;1957096;59;14,408;175,5;171,6;0;277800;463;7;1;106,622;211,414;1261,257;8,663;None;None;None;None;None;None;-10921639;1261,257;1345;565;1610;520899;251,474;11,275;0,2;1,67
ID1957893;1957893;59;12,348;177,45;172,25;0;278400;464;7;1;89,044;169,254;1134,852;7,404;None;None;None;None;None;None;-10921639;1134,852;1181;449;1573;468694;240,952;11,207;0,18;1,434
ID1958278;1958278;59;12,886;178,75;172,9;0;279000;465;7;1;95,443;163,354;1128,332;8,017;None;None;None;None;None;None;-10921639;1128,332;1190;388;1517;466001;250,863;8,444;0,174;1,334
ID1958675;1958675;59;12,343;180,05;172,9;0;279600;466;7;1;85,751;155,172;1084,668;8,257;None;None;None;None;None;None;-10921639;1084,668;1095;449;1466;447968;252,856;11,202;0,182;1,322
ID1959070;1959070;59;10,008;180,7;172,25;0;280200;467;7;1;80,153;139,039;1023,889;6,954;None;None;None;None;None;None;-10921639;1023,889;976;351;1457;422866;260,066;8,333;0,133;0,924
ID1959474;1959474;59;10,672;180,7;172,9;0;280800;468;7;1;85,286;150,937;1056,332;8,005;None;None;None;None;None;None;-10921639;1056,332;1009;280;1521;436265;279,375;8,336;0,139;0,923
ID1959881;1959881;59;8,816;180,7;173,55;0;281400;469;7;1;76,828;143,32;1004,494;8,012;None;None;None;None;None;None;-10921639;1004,494;928;198;1526;414856;299,336;8,329;0,117;0,704
ID1960274;1960274;59;10,121;180,7;172,9;0;282000;470;7;1;80,925;141,242;1025,697;8,116;None;None;None;None;None;None;-10921639;1025,697;940;259;1550;423613;303,332;8,325;0,135;0,806
ID1960676;1960676;59;9,628;180,7;172,25;0;282600;471;7;1;78,92;136,901;1004,993;7,668;None;None;None;None;None;None;-10921639;1004,993;916;236;1526;415062;302,14;8,361;0,136;0,798
ID1961075;1961075;59;10,875;180,7;172,25;0;283200;472;7;1;90,404;157,407;1070,925;7,973;None;None;None;None;None;None;-10921639;1070,925;1007;259;1600;442292;330,366;8,299;0,137;0,78
ID1961472;1961472;59;11,262;180,7;172,25;0;283800;473;7;1;90,363;164,949;1096,332;7,235;None;None;None;None;None;None;-10921639;1096,332;1077;308;1610;452785;330,054;8,356;0,146;0,849
ID1961870;1961870;59;10,351;178,75;172,25;0;284400;474;7;1;84,944;163,792;1055,293;7,881;None;None;None;None;None;None;-10921639;1055,293;1095;105;1634;435836;385,556;8,284;0,115;0,565
ID1962272;1962272;59;7,952;178,1;172,25;0;285000;475;7;1;97,969;186,879;1139,005;7,119;None;None;None;None;None;None;-10921639;1139,005;1195;105;1854;470409;423,594;8,3;0,069;0,347
ID1962667;1962667;59;8,41;178,1;172,25;0;285600;476;7;1;95,203;187,504;1123,114;7,291;None;None;None;None;None;None;-10921639;1123,114;1183;105;1760;463846;436,644;8,256;0,072;0,346
ID1963062;1963062;59;8,482;178,1;172,9;0;286200;477;7;1;98,831;199,077;1135,731;8,366;None;None;None;None;None;None;-10921639;1135,731;1243;74;1769;469057;463,452;8,325;0,061;0,28
ID1963466;1963466;59;7,754;177,45;173,55;0;286800;478;7;1;113,465;226,702;1229,797;7,165;None;None;None;None;None;None;-10921639;1229,797;1343;183;1899;507906;479,137;8,282;0,034;0,167
ID1963862;1963862;59;8,976;178,1;173,55;0;287400;479;7;1;118,656;229,952;1258,247;8,027;None;None;None;None;None;None;-10921639;1258,247;1378;198;1924;519656;479,402;8,34;0,05;0,252
ID1964262;1964262;59;12,846;179,4;172,9;0;288000;480;7;1;161,959;259,099;1410,879;7,53;None;None;None;None;None;None;-10921639;1410,879;1530;423;2021;582693;457,643;8,456;0,107;0,598
ID1964667;1964667;59;10,507;179,4;172,9;0;288600;481;7;1;154,441;262,075;1407,692;6,985;None;None;None;None;None;None;-10921639;1407,692;1504;351;1987;581377;437,885;8,473;0,082;0,488
ID1965072;1965072;59;16,055;179,4;172,9;0;289200;482;7;1;165,499;273,387;1446,709;8,518;None;None;None;None;None;None;-10921639;1446,709;1572;539;2052;597491;442,406;8,527;0,163;0,916
ID1965472;1965472;59;17,611;180,05;174,2;0;289800;483;7;1;151,39;238,53;1367,177;7,349;None;None;None;None;None;None;-10921639;1367,177;1441;589;1915;564644;390,227;11,17;0,219;1,259
ID1965879;1965879;59;17,578;179,4;174,2;0;290400;484;7;1;156,688;256,666;1412,821;10,291;None;None;None;None;None;None;-10921639;1412,821;1493;584;1899;583495;356,484;11,184;0,205;1,351
ID1966290;1966290;59;18,369;179,4;174,2;0;291000;485;7;1;157,15;262,627;1426,63;9,126;None;None;None;None;None;None;-10921639;1426,63;1517;570;1865;589198;359,794;11,24;0,229;1,479
ID1966695;1966695;59;17,561;178,75;174,2;0;291600;486;7;1;161,298;265,039;1438,37;8,654;None;None;None;None;None;None;-10921639;1438,37;1552;626;1856;594047;351,901;11,238;0,207;1,401
ID1967099;1967099;59;17,188;178,1;174,85;0;292200;487;7;1;154,274;261,898;1413,949;8,201;None;None;None;None;None;None;-10921639;1413,949;1545;565;1920;583961;392,119;11,221;0,21;1,254
ID1967507;1967507;59;16,055;178,1;175,5;0;292800;488;7;1;161,966;280,138;1470,15;9,772;None;None;None;None;None;None;-10921639;1470,15;1612;485;1911;607172;363,835;11,195;0,176;1,211
ID1967918;1967918;59;16,331;178,1;176,15;0;293400;489;7;1;175,121;298,068;1538,024;8,228;None;None;None;None;None;None;-10921639;1538,024;1673;570;1937;635204;333,823;11,232;0,18;1,406
ID1968326;1968326;59;14,695;176,8;177,45;0;294000;490;7;1;164,46;296,557;1491,722;8,717;None;None;None;None;None;None;-10921639;1491,722;1595;410;1952;616081;359,303;11,205;0,161;1,154
ID1968733;1968733;59;14,695;176,8;176,15;0;294600;491;7;1;151,45;283,114;1467,295;7,39;None;None;None;None;None;None;-10921639;1467,295;1582;403;1881;605993;349,894;11,21;0,166;1,195
ID1969138;1969138;59;16,452;178,75;176,15;0;295200;492;7;1;145,322;271,571;1434,111;7,438;None;None;None;None;None;None;-10921639;1434,111;1541;381;1798;592288;326,11;11,249;0,202;1,477
ID1969548;1969548;59;17,674;180,05;176,15;0;295800;493;7;1;135,683;256,637;1382,586;7,47;None;None;None;None;None;None;-10921639;1382,586;1472;308;1774;571008;355,163;11,269;0,237;1,492
ID1969959;1969959;59;18,136;180,05;180,7;0;296400;494;7;1;234,467;242,881;1537,416;8,69;None;None;None;None;None;None;-10921639;1537,416;1573;690;2375;634953;375,076;11,242;0,182;1,262
ID1970362;1970362;59;18,443;178,1;177,45;0;297000;495;7;1;154,632;289,845;1481,22;8,126;None;None;None;None;None;None;-10921639;1481,22;1593;479;1839;611744;325,539;11,235;0,22;1,644
ID1970770;1970770;59;16,232;176,15;180,7;0;297600;496;7;1;185,174;281,843;1528,649;9,344;None;None;None;None;None;None;-10921639;1528,649;1665;496;1931;631332;344,154;11,107;0,171;1,295
ID1971177;1971177;59;22,583;175,5;180,7;0;298200;497;7;1;268,901;320,889;1717,295;7,726;None;None;None;None;None;None;-10921639;1717,295;1765;686;2437;709243;433,045;8,488;0,209;1,371
ID1971982;1971982;59;23,919;174,85;182,65;0;298800;498;7;1;259,126;285,097;1600,085;8,918;None;None;None;None;None;None;-10921639;1600,085;1728;490;2551;660835;532,374;8,413;0,217;1,071
ID1971581;1971581;59;25,21;176,15;183,3;0;299400;499;7;1;285,094;305,046;1708,245;9,719;None;None;None;None;None;None;-10921639;1708,245;1773;436;2571;705505;478,645;8,449;0,239;1,375
ID1972383;1972383;59;28,301;175,5;180,7;0;300000;500;7;1;317,998;337,15;1794,947;9,758;None;None;None;None;None;None;-10921639;1794,947;1816;617;2670;741313;533,179;8,487;0,246;1,331
ID1972800;1972800;59;18,256;176,15;180,7;0;300600;501;7;1;257,237;299,404;1618,603;9,981;None;None;None;None;None;None;-10921639;1618,603;1776;280;2399;668483;484,479;8,527;0,158;0,912
ID1973208;1973208;59;17,453;176,8;178,1;0;301200;502;7;1;270,523;328,557;1709,845;9,036;None;None;None;None;None;None;-10921639;1709,845;1822;436;2446;706166;442,986;10,984;0,143;0,964
ID1973618;1973618;59;13,031;176,8;179,4;0;301800;503;7;1;189,252;276,022;1475,206;8,559;None;None;None;None;None;None;-10921639;1475,206;1641;366;1917;609260;404,152;8,433;0,101;0,671
ID1974032;1974032;59;17,647;176,8;176,15;0;302400;504;7;1;201,104;295,324;1524,068;10,366;None;None;None;None;None;None;-10921639;1524,068;1678;236;2137;629440;468,746;8,42;0,149;0,844
ID1974447;1974447;59;14,734;176,8;173,55;0;303000;505;7;1;160,552;272,174;1445,874;8,475;None;None;None;None;None;None;-10921639;1445,874;1610;455;2011;597146;446,372;8,435;0,135;0,773
ID1974862;1974862;59;15,029;174,85;172,25;0;303600;506;7;1;155,668;260,007;1418,995;7,358;None;None;None;None;None;None;-10921639;1418,995;1557;461;1890;586045;395,372;8,531;0,15;0,936
ID1975274;1975274;59;13,427;176,15;172,25;0;304200;507;7;1;114,683;201,433;1212,642;7,107;None;None;None;None;None;None;-10921639;1212,642;1309;317;1801;500821;427,404;8,412;0,146;0,722
ID1975686;1975686;59;14,491;176,8;170,95;0;304800;508;7;1;118,644;221,533;1275,726;7,499;None;None;None;None;None;None;-10921639;1275,726;1378;289;1813;526875;393,253;8,544;0,179;0,984
ID1976100;1976100;59;15,798;180,05;172,25;0;305400;509;7;1;104,671;196,625;1187,818;7,182;None;None;None;None;None;None;-10921639;1187,818;1281;224;1721;490569;376,976;8,497;0,216;1,118
ID1976923;1976923;59;19,677;183,3;174,85;0;306000;510;7;1;123,104;228,097;1306,492;7,516;None;None;None;None;None;None;-10921639;1306,492;1410;359;1698;539581;333,864;11,218;0,287;1,747
ID1976512;1976512;59;21,042;184,6;174,2;0;306600;511;7;1;137,785;253,831;1384,738;7,453;None;None;None;None;None;None;-10921639;1384,738;1489;359;1765;571897;313,229;11,268;0,307;2,074
ID1977333;1977333;59;20,792;185,9;174,2;0;307200;512;7;1;144,225;267,293;1422,191;7,262;None;None;None;None;None;None;-10921639;1422,191;1543;436;1787;587365;318,239;11,285;0,292;2,022
ID1977750;1977750;59;21,304;186,55;175,5;0;307800;513;7;1;147,608;259,378;1434,073;7,688;None;None;None;None;None;None;-10921639;1434,073;1493;598;1791;592272;243,606;19,42;0,318;2,842
ID1978155;1978155;59;20,858;186,55;176,15;0;308400;514;7;1;148,107;264,62;1457,075;7,867;None;None;None;None;None;None;-10921639;1457,075;1521;643;1755;601772;215,617;19,278;0,312;3,211
ID1978570;1978570;59;20,906;186,55;175,5;0;309000;515;7;1;154,041;266,165;1477,041;7,484;None;None;None;None;None;None;-10921639;1477,041;1532;626;1771;610018;204,562;15,367;0,312;3,431
ID1978983;1978983;59;22,89;186,55;176,15;0;309600;516;7;1;166,649;278,424;1516,939;6,586;None;None;None;None;None;None;-10921639;1516,939;1577;733;1804;626496;220,788;15,382;0,334;3,438
ID1979399;1979399;59;24,597;184,6;176,15;0;310200;517;7;1;178,467;301,085;1576,029;7,126;None;None;None;None;None;None;-10921639;1576,029;1622;652;1911;650900;270,071;11,34;0,338;2,951
ID1979811;1979811;59;24,174;182,65;176,8;0;310800;518;7;1;166,644;282,477;1516,145;6,915;None;None;None;None;None;None;-10921639;1516,145;1570;729;1920;626168;288,182;11,334;0,351;2,734
ID1980226;1980226;59;24,247;183,3;176,15;0;311400;519;7;1;172,191;293,525;1551,92;8,354;None;None;None;None;None;None;-10921639;1551,92;1602;737;1915;640943;283,318;11,343;0,342;2,789
ID1980634;1980634;59;24,32;183,95;176,15;0;312000;520;7;1;169,392;287,525;1535,472;8,017;None;None;None;None;None;None;-10921639;1535,472;1595;643;1904;634150;289,604;15,512;0,347;2,733
ID1981048;1981048;59;23,896;183,3;175,5;0;312600;521;7;1;163,288;284,332;1511,249;7,792;None;None;None;None;None;None;-10921639;1511,249;1591;565;1917;624146;305,661;19,552;0,352;2,575
ID1981460;1981460;59;24,78;183,3;176,15;0;313200;522;7;1;168,569;282,976;1526,649;7,869;None;None;None;None;None;None;-10921639;1526,649;1605;608;1904;630506;287,169;11,339;0,364;2,836
ID1982291;1982291;59;24,342;182,65;176,15;0;313800;523;7;1;170,436;290,104;1547,012;7,344;None;None;None;None;None;None;-10921639;1547,012;1603;770;1917;638916;266,85;11,356;0,349;2,999
ID1981875;1981875;59;22,659;182;177,45;0;314400;524;7;1;160,654;272,683;1490,329;7,792;None;None;None;None;None;None;-10921639;1490,329;1570;643;1920;615506;292,037;11,304;0,319;2,469
ID1982718;1982718;59;25,363;180,7;177,45;0;315000;525;7;1;178,567;293,165;1548,179;8,131;None;None;None;None;None;None;-10921639;1548,179;1629;643;2001;639398;333,204;11,261;0,334;2,324
ID1983137;1983137;59;24,681;180,7;177,45;0;315600;526;7;1;177,92;294,337;1545,828;7,416;None;None;None;None;None;None;-10921639;1545,828;1650;630;2022;638427;354,938;11,272;0,324;2,131
ID1983561;1983561;59;25,676;180,05;177,45;0;316200;527;7;1;185,748;298,467;1561,278;7,973;None;None;None;None;None;None;-10921639;1561,278;1665;518;2026;644808;376,832;11,274;0,335;2,08
ID1983988;1983988;59;28,32;179,4;178,1;0;316800;528;7;1;202,93;326,787;1638,041;7,639;None;None;None;None;None;None;-10921639;1638,041;1744;626;2118;676511;371,441;11,302;0,363;2,351
ID1984417;1984417;59;28,312;180,05;178,75;0;317400;529;7;1;209,048;321,671;1640,651;8,114;None;None;None;None;None;None;-10921639;1640,651;1729;729;2146;677589;364,742;11,302;0,369;2,424
ID1984845;1984845;59;28,177;179,4;178,1;0;318000;530;7;1;206,283;323,939;1643,087;7,736;None;None;None;None;None;None;-10921639;1643,087;1710;698;2139;678595;363,397;11,281;0,359;2,39
