Label;ID;TRACK_ID;QUALITY;POSITION_X;POSITION_Y;POSITION_Z;POSITION_T;FRAME;RADIUS;VISIBILITY;MEAN_INTENSITY01;MEAN_INTENSITY02;MEAN_INTENSITY03;MEAN_INTENSITY04;MEAN_INTENSITY05;MEAN_INTENSITY06;MEAN_INTENSITY07;MEAN_INTENSITY08;MEAN_INTENSITY09;MEAN_INTENSITY10;MANUAL_COLOR;MEAN_INTENSITY;MEDIAN_INTENSITY;MIN_INTENSITY;MAX_INTENSITY;TOTAL_INTENSITY;STANDARD_DEVIATION;ESTIMATED_DIAMETER;CONTRAST;SNR
ID261;261;171;20,306;308,1;271,05;0;0;0;7;1;267,857;13,55;790,666;7,38;None;None;None;None;None;None;-10921639;790,666;829;254;1206;326545;214,97;11,28;0,633;2,852
ID1382;1382;171;20,548;307,45;271,7;0;600;1;7;1;281,383;14,913;817,499;6,165;None;None;None;None;None;None;-10921639;817,499;858;269;1204;337627;208,078;11,294;0,627;3,027
ID826;826;171;20,485;306,8;271,05;0;1200;2;7;1;283,99;14,891;818,213;7,516;None;None;None;None;None;None;-10921639;818,213;866;203;1153;337922;206,845;11,301;0,631;3,062
ID1567;1567;171;20,698;306,15;271,05;0;1800;3;7;1;294,128;13,383;837,056;7,341;None;None;None;None;None;None;-10921639;837,056;882;309;1175;345704;193,963;11,318;0,631;3,341
ID1196;1196;171;20,338;305,5;269,75;0;2400;4;7;1;285,31;13,484;826,15;6,765;None;None;None;None;None;None;-10921639;826,15;882;301;1133;341200;193,984;11,324;0,626;3,28
ID450;450;171;20,147;305,5;270,4;0;3000;5;7;1;295,978;14,278;844,4;7,087;None;None;None;None;None;None;-10921639;844,4;892;337;1132;348737;176,981;11,354;0,613;3,627
ID1010;1010;171;19,705;304,85;270,4;0;3600;6;7;1;292,605;15,487;841,254;7,121;None;None;None;None;None;None;-10921639;841,254;887;394;1091;347438;158,057;11,383;0,614;4,048
ID693;693;171;20,011;304,2;270,4;0;4200;7;7;1;299,09;12,666;849,242;7,143;None;None;None;None;None;None;-10921639;849,242;901;363;1087;350737;161,151;11,381;0,627;4,063
ID1759;1759;171;19,472;304,85;270,4;0;4800;8;7;1;289,925;12,881;834,656;6,516;None;None;None;None;None;None;-10921639;834,656;887;309;1061;344713;162,285;11,37;0,614;3,913
ID2131;2131;171;19,297;304,2;269,75;0;5400;9;7;1;286,039;12,107;831,741;6,918;None;None;None;None;None;None;-10921639;831,741;887;341;1025;343509;147,968;11,392;0,621;4,305
ID2315;2315;171;19,689;304,2;269,75;0;6000;10;7;1;288,593;14,738;837,501;6,625;None;None;None;None;None;None;-10921639;837,501;881;387;1062;345888;159,555;11,378;0,621;4,022
ID1946;1946;171;19,278;304,85;269,75;0;6600;11;7;1;290,051;14,358;843,591;6,62;None;None;None;None;None;None;-10921639;843,591;879;403;1052;348403;137,651;11,404;0,614;4,663
ID2888;2888;171;19,08;304,2;269,1;0;7200;12;7;1;298,676;14,424;857,632;6,959;None;None;None;None;None;None;-10921639;857,632;901;490;1045;354202;117,442;15,049;0,602;5,488
ID3077;3077;171;19,161;302,9;269,1;0;7800;13;7;1;295,68;14,891;849,039;7,012;None;None;None;None;None;None;-10921639;849,039;895;449;1029;350653;122,823;15,03;0,617;5,277
ID2694;2694;171;19,454;302,25;267,8;0;8400;14;7;1;303,131;16,189;861,448;7,952;None;None;None;None;None;None;-10921639;861,448;905;457;1037;355778;130,133;11,432;0,611;5,02
ID2504;2504;171;18,98;303,55;267,8;0;9000;15;7;1;297,07;14,535;855,189;6,901;None;None;None;None;None;None;-10921639;855,189;887;508;1018;353193;114,501;15,016;0,61;5,66
ID3457;3457;171;18,855;302,25;265,2;0;9600;16;7;1;293,056;13,574;847,726;7,007;None;None;None;None;None;None;-10921639;847,726;881;469;1015;350111;116,711;15,071;0,605;5,477
ID3831;3831;171;19,458;302,9;265,2;0;10200;17;7;1;307,09;13,772;866,772;7,019;None;None;None;None;None;None;-10921639;866,772;904;449;1037;357977;121,034;15,068;0,615;5,454
ID3643;3643;171;19,063;303,55;265,2;0;10800;18;7;1;297,644;15,119;858,978;6,84;None;None;None;None;None;None;-10921639;858,978;895;440;1041;354758;120,148;15,051;0,601;5,368
ID3265;3265;171;19,082;304,2;265,2;0;11400;19;7;1;293,533;15,404;848,201;7,591;None;None;None;None;None;None;-10921639;848,201;885;363;1020;350307;129,572;15,06;0,602;4,92
ID4221;4221;171;19,204;304,2;264,55;0;12000;20;7;1;296,712;15,252;854,533;6,586;None;None;None;None;None;None;-10921639;854,533;892;460;1007;352922;123,72;15,005;0,607;5,217
ID4022;4022;171;19,191;304,2;265,2;0;12600;21;7;1;300,438;14,424;859,649;7,649;None;None;None;None;None;None;-10921639;859,649;894;431;1051;355035;120,603;15,088;0,603;5,363
ID4605;4605;171;19,287;304,2;265,2;0;13200;22;7;1;301,554;14,874;862,925;6,617;None;None;None;None;None;None;-10921639;862,925;901;474;1018;356388;116,85;14,998;0,606;5,574
ID4414;4414;171;19,77;304,2;265,2;0;13800;23;7;1;301,545;16,627;859,223;6,153;None;None;None;None;None;None;-10921639;859,223;895;488;1061;354859;129,564;11,427;0,617;5,061
ID4801;4801;171;19,665;304,2;266,5;0;14400;24;7;1;295,484;15,349;851,341;7,293;None;None;None;None;None;None;-10921639;851,341;888;419;1068;351604;141,513;11,401;0,609;4,553
ID5397;5397;171;19,277;304,2;265,2;0;15000;25;7;1;293,516;17,787;850,869;6,649;None;None;None;None;None;None;-10921639;850,869;885;377;1063;351409;136,978;11,419;0,604;4,679
ID4999;4999;171;19,398;303,55;265,85;0;15600;26;7;1;299,484;15,288;857,116;6,661;None;None;None;None;None;None;-10921639;857,116;895;410;1045;353989;125,375;14,988;0,612;5,192
ID5197;5197;171;19,534;304,2;265,85;0;16200;27;7;1;300,482;14,55;858,402;6,092;None;None;None;None;None;None;-10921639;858,402;895;428;1057;354520;130,523;11,43;0,608;4,973
ID5595;5595;171;18,987;303,55;265,2;0;16800;28;7;1;295,257;17,383;854,993;7,748;None;None;None;None;None;None;-10921639;854,993;892;463;1048;353112;118,077;15,038;0,598;5,418
ID5994;5994;171;19,151;304,2;265,2;0;17400;29;7;1;295,758;14,845;851,421;8,477;None;None;None;None;None;None;-10921639;851,421;884;422;1056;351637;122,397;15,05;0,607;5,255
ID5796;5796;171;19,168;304,2;265,2;0;18000;30;7;1;300,368;16,196;858,814;7,431;None;None;None;None;None;None;-10921639;858,814;897;390;1052;354690;125,395;15,051;0,6;5,139
ID6197;6197;171;18,898;303,55;264,55;0;18600;31;7;1;294,346;17,213;851,901;6,712;None;None;None;None;None;None;-10921639;851,901;891;452;1040;351835;118,769;15,044;0,594;5,348
ID6395;6395;171;19,108;303,55;263,9;0;19200;32;7;1;297,334;14,746;854,416;7,044;None;None;None;None;None;None;-10921639;854,416;890;471;1040;352874;116,744;15,075;0,605;5,519
ID6595;6595;171;19,328;304,2;263,9;0;19800;33;7;1;298,295;14,378;856,019;7,211;None;None;None;None;None;None;-10921639;856,019;897;394;1072;353536;132,864;11,423;0,603;4,849
ID6797;6797;171;19,022;303,55;264,55;0;20400;34;7;1;291,426;15,097;847,913;6,961;None;None;None;None;None;None;-10921639;847,913;881;407;1070;350188;131,499;11,418;0,592;4,795
ID6996;6996;171;19,378;302,9;263,9;0;21000;35;7;1;293,869;14,915;849,361;7,145;None;None;None;None;None;None;-10921639;849,361;885;394;1078;350786;136,294;11,412;0,607;4,707
ID7405;7405;171;18,917;302,9;263,9;0;21600;36;7;1;287,596;17,177;840,361;6,542;None;None;None;None;None;None;-10921639;840,361;878;345;1068;347069;134,966;11,419;0,599;4,667
ID7197;7197;171;18,581;302,25;262,6;0;22200;37;7;1;283,351;16,85;834,332;6,676;None;None;None;None;None;None;-10921639;834,332;866;440;1047;344579;125,412;14,997;0,584;4,903
ID7606;7606;171;18,072;301,6;262,6;0;22800;38;7;1;264,426;19,046;812,303;6,753;None;None;None;None;None;None;-10921639;812,303;839;425;1042;335481;122,973;14,997;0,582;4,862
ID7813;7813;171;17,151;302,25;262,6;0;23400;39;7;1;237,818;17,663;766,678;7,446;None;None;None;None;None;None;-10921639;766,678;802;352;968;316638;130,562;11,405;0,576;4,294
ID8018;8018;171;14,072;301,6;263,25;0;24000;40;7;1;170,545;17,591;652,32;7,327;None;None;None;None;None;None;-10921639;652,32;684;321;783;269408;98,245;11,403;0,555;4,742
ID8222;8222;171;8,639;301,6;263,25;0;24600;41;7;1;79,54;18,31;446,327;7,111;None;None;None;None;None;None;-10921639;446,327;466;176;559;184333;73,991;11,365;0,451;3,749
ID8430;8430;171;4,977;301,6;263,25;0;25200;42;7;1;34,741;20,354;309,487;7,431;None;None;None;None;None;None;-10921639;309,487;317;113;387;127818;47,361;11,35;0,348;3,375
ID8639;8639;171;4,103;300,95;263,25;0;25800;43;7;1;27,201;20,4;268,446;7,259;None;None;None;None;None;None;-10921639;268,446;264;160;380;110868;48,338;11,24;0,286;2,467
ID9058;9058;171;3,676;300,95;263,9;0;26400;44;7;1;20,654;19,395;241,329;6,605;None;None;None;None;None;None;-10921639;241,329;244;101;321;99669;49,66;11,24;0,281;2,129
ID8848;8848;171;3,582;300,3;263,9;0;27000;45;7;1;19,155;25,443;265,475;6,906;None;None;None;None;None;None;-10921639;265,475;269;134;341;109641;44,307;11,277;0,251;2,404
ID9477;9477;171;3,373;299,65;264,55;0;27600;46;7;1;16,298;26,208;246,484;7,368;None;None;None;None;None;None;-10921639;246,484;254;101;329;101798;43,541;11,299;0,249;2,26
ID9269;9269;171;3,382;300,3;264,55;0;28200;47;7;1;15,104;25,547;250,189;7,046;None;None;None;None;None;None;-10921639;250,189;254;152;329;103328;39,477;11,315;0,255;2,574
ID10106;10106;171;3,437;299,65;263,9;0;28800;48;7;1;13,206;27,6;240,637;7,007;None;None;None;None;None;None;-10921639;240,637;244;101;325;99383;46,626;11,322;0,267;2,174
ID9894;9894;171;3,216;299,65;264,55;0;29400;49;7;1;12,717;29,16;248,167;7,535;None;None;None;None;None;None;-10921639;248,167;254;113;325;102493;39,989;11,354;0,253;2,503
ID9685;9685;171;3,595;300,3;264,55;0;30000;50;7;1;11,339;30,826;253,438;7,889;None;None;None;None;None;None;-10921639;253,438;259;124;313;104670;35,834;11,423;0,306;3,317
ID10314;10314;171;3,85;299,65;265,2;0;30600;51;7;1;11,082;34,964;269,86;7,007;None;None;None;None;None;None;-10921639;269,86;274;152;345;111452;37,26;11,385;0,293;3,286
ID10740;10740;171;4,1;300,3;265,85;0;31200;52;7;1;11,315;33,857;264,136;6,564;None;None;None;None;None;None;-10921639;264,136;269;88;352;109088;49,019;11,305;0,315;2,582
ID10949;10949;171;4,294;299,65;266,5;0;31800;53;7;1;10,293;36,864;282,104;7,053;None;None;None;None;None;None;-10921639;282,104;292;124;352;116509;43,77;11,362;0,32;3,127
ID10529;10529;171;4,13;299,65;266,5;0;32400;54;7;1;9,048;41,349;281,707;7,966;None;None;None;None;None;None;-10921639;281,707;287;143;356;116345;39,84;11,369;0,321;3,436
ID11158;11158;171;4,578;300,3;267,15;0;33000;55;7;1;10,31;41,86;293,109;6,639;None;None;None;None;None;None;-10921639;293,109;301;160;352;121054;42,306;11,393;0,341;3,52
ID11589;11589;171;4,491;300,95;267,15;0;33600;56;7;1;9,487;41,443;291,695;7,266;None;None;None;None;None;None;-10921639;291,695;301;152;359;120470;44,011;11,343;0,325;3,253
ID11372;11372;171;4,536;300,3;266,5;0;34200;57;7;1;10,366;43,358;298,409;6,443;None;None;None;None;None;None;-10921639;298,409;305;168;356;123243;35,929;11,386;0,338;4,196
ID12021;12021;171;5,055;300,3;267,15;0;34800;58;7;1;9,46;46,363;313,046;7,378;None;None;None;None;None;None;-10921639;313,046;321;168;384;129288;43,17;11,351;0,36;3,839
ID11803;11803;171;5,234;299,65;265,85;0;35400;59;7;1;8,085;49,438;320,724;6,864;None;None;None;None;None;None;-10921639;320,724;333;143;384;132459;45,276;11,341;0,363;3,776
ID12909;12909;171;5,702;300,95;266,5;0;36000;60;7;1;9,891;53,409;337,363;7,351;None;None;None;None;None;None;-10921639;337,363;345;168;413;139331;48,432;11,363;0,379;3,83
ID12688;12688;171;5,592;300,95;267,15;0;36600;61;7;1;9,828;51,237;329,094;7,518;None;None;None;None;None;None;-10921639;329,094;341;168;410;135916;47,091;11,37;0,389;3,917
ID12246;12246;171;5,782;300,95;266,5;0;37200;62;7;1;9,288;54,852;338,998;7,317;None;None;None;None;None;None;-10921639;338,998;356;160;410;140006;50,063;11,346;0,382;3,742
ID12467;12467;171;6,219;300,3;265,85;0;37800;63;7;1;9,707;57,235;352,47;7,731;None;None;None;None;None;None;-10921639;352,47;366;197;425;145570;53,827;11,334;0,396;3,716
ID13124;13124;171;6,014;300,3;265,85;0;38400;64;7;1;8,811;57,472;349,932;7,496;None;None;None;None;None;None;-10921639;349,932;359;183;425;144522;48,314;11,372;0,389;4,056
ID13558;13558;171;6,294;300,3;266,5;0;39000;65;7;1;10,496;60,789;363,985;7,288;None;None;None;None;None;None;-10921639;363,985;380;203;431;150326;48,844;11,387;0,402;4,277
ID13342;13342;171;6,433;300,3;266,5;0;39600;66;7;1;9,111;60,373;361,542;7,719;None;None;None;None;None;None;-10921639;361,542;370;197;457;149317;50,319;11,397;0,404;4,138
ID13775;13775;171;6,557;300,95;265,85;0;40200;67;7;1;11,3;67,017;385,542;6,143;None;None;None;None;None;None;-10921639;385,542;403;209;460;159229;54,167;11,387;0,38;3,921
ID13995;13995;171;6,6;301,6;266,5;0;40800;68;7;1;10,14;69,061;389,69;6,971;None;None;None;None;None;None;-10921639;389,69;407;209;457;160942;51,502;11,409;0,388;4,228
ID14210;14210;171;6,954;300,95;265,85;0;41400;69;7;1;9,075;71,015;395,961;7,082;None;None;None;None;None;None;-10921639;395,961;413;215;482;163532;56,682;11,375;0,403;4,012
ID14427;14427;171;7,427;300,95;265,85;0;42000;70;7;1;8,76;74,467;404,533;6,772;None;None;None;None;None;None;-10921639;404,533;416;197;493;167072;62,016;11,382;0,427;3,904
ID14646;14646;171;7,543;300,3;265,2;0;42600;71;7;1;8,499;78,898;416,593;7,317;None;None;None;None;None;None;-10921639;416,593;428;233;493;172053;54,418;11,413;0,425;4,569
ID14865;14865;171;7,421;299,65;264,55;0;43200;72;7;1;8,554;78,489;418,317;6,508;None;None;None;None;None;None;-10921639;418,317;440;238;488;172765;54,388;11,394;0,42;4,548
ID15090;15090;171;7,602;300,95;265,2;0;43800;73;7;1;8,872;78,121;415,501;6,603;None;None;None;None;None;None;-10921639;415,501;434;244;490;171602;56,992;11,41;0,433;4,404
ID15309;15309;171;7,458;301,6;263,9;0;44400;74;7;1;9,215;77,332;418,777;7,327;None;None;None;None;None;None;-10921639;418,777;437;215;495;172955;57,98;11,391;0,416;4,241
ID16194;16194;171;8,103;302,25;264,55;0;45000;75;7;1;9,005;82,429;427,269;8,433;None;None;None;None;None;None;-10921639;427,269;449;254;508;176462;60,718;11,403;0,455;4,401
ID15528;15528;171;8,004;302,25;265,2;0;45600;76;7;1;9,915;85,998;441,603;6,862;None;None;None;None;None;None;-10921639;441,603;463;221;513;182382;59,134;11,422;0,437;4,54
ID15972;15972;171;8,162;301,6;264,55;0;46200;77;7;1;8,884;88,203;442,579;6,821;None;None;None;None;None;None;-10921639;442,579;460;269;531;182785;58,954;11,416;0,443;4,612
ID15751;15751;171;8,416;302,25;264,55;0;46800;78;7;1;9,179;87,879;444,477;6,334;None;None;None;None;None;None;-10921639;444,477;466;197;523;183569;63,08;11,398;0,457;4,42
ID16420;16420;171;8,521;302,25;265,2;0;47400;79;7;1;9,295;93,031;462,983;6,906;None;None;None;None;None;None;-10921639;462,983;480;269;536;191212;55,614;11,421;0,45;5,166
ID16643;16643;171;8,785;302,25;264,55;0;48000;80;7;1;8,528;97,63;468,012;7,676;None;None;None;None;None;None;-10921639;468,012;485;249;550;193289;60,156;11,402;0,46;4,903
ID16862;16862;171;8,82;302,25;264,55;0;48600;81;7;1;9,148;94,581;461,915;6,165;None;None;None;None;None;None;-10921639;461,915;482;249;548;190771;60,46;11,423;0,466;4,856
ID17085;17085;171;9,245;302,25;263,9;0;49200;82;7;1;9,264;99,259;476,165;6,608;None;None;None;None;None;None;-10921639;476,165;495;254;566;196656;68,041;11,398;0,471;4,481
ID17534;17534;171;9,044;302,25;264,55;0;49800;83;7;1;9,349;99,465;475,985;6,499;None;None;None;None;None;None;-10921639;475,985;498;249;552;196582;63,36;11,417;0,464;4,762
ID17759;17759;171;9,153;302,25;264,55;0;50400;84;7;1;9,467;100,516;483,4;6,906;None;None;None;None;None;None;-10921639;483,4;498;292;566;199644;64,458;11,386;0,452;4,667
ID17982;17982;171;9,058;302,25;264,55;0;51000;85;7;1;8,426;98,845;474,404;6,852;None;None;None;None;None;None;-10921639;474,404;495;233;573;195929;69,835;11,405;0,457;4,264
ID17311;17311;171;9,141;302,25;264,55;0;51600;86;7;1;8,981;93,797;460,562;6,961;None;None;None;None;None;None;-10921639;460,562;482;221;557;190212;71,413;11,37;0,483;4,2
ID18204;18204;171;9,057;302,25;264,55;0;52200;87;7;1;7,99;96,354;466,395;6,845;None;None;None;None;None;None;-10921639;466,395;488;254;555;192621;69,816;11,378;0,47;4,269
ID18433;18433;171;9;300,95;263,9;0;52800;88;7;1;8,213;97,499;466,092;6,097;None;None;None;None;None;None;-10921639;466,092;480;287;552;192496;61,855;11,4;0,471;4,825
ID18657;18657;171;9,369;300,95;263,9;0;53400;89;7;1;9,186;98,758;469,344;7,666;None;None;None;None;None;None;-10921639;469,344;485;244;571;193839;71,261;11,411;0,488;4,318
ID18886;18886;171;9,216;300,95;263,25;0;54000;90;7;1;8,729;98,92;476,24;5,927;None;None;None;None;None;None;-10921639;476,24;498;244;568;196687;75,298;11,384;0,468;4,035
ID19572;19572;171;9,61;300,3;262,6;0;54600;91;7;1;8,346;104,107;490,816;7,843;None;None;None;None;None;None;-10921639;490,816;501;287;577;202707;64,716;11,414;0,489;4,983
ID19801;19801;171;9,652;300,95;262,6;0;55200;92;7;1;9,569;104,734;489,584;7,295;None;None;None;None;None;None;-10921639;489,584;506;296;575;202198;63,127;15,003;0,493;5,121
ID19115;19115;171;9,455;301,6;263,25;0;55800;93;7;1;8,38;106,027;492,271;6,593;None;None;None;None;None;None;-10921639;492,271;511;244;582;203308;73,113;11,404;0,467;4,286
ID19347;19347;171;9,764;301,6;263,25;0;56400;94;7;1;8,656;106,843;493,358;7,315;None;None;None;None;None;None;-10921639;493,358;511;269;582;203757;70,43;15,061;0,499;4,666
ID20032;20032;171;9,584;301,6;263,9;0;57000;95;7;1;8,535;107,07;494,031;7,552;None;None;None;None;None;None;-10921639;494,031;513;244;573;204035;68,521;15,111;0,481;4,685
ID20265;20265;171;9,852;300,95;265,2;0;57600;96;7;1;8,366;112,521;508,126;6,603;None;None;None;None;None;None;-10921639;508,126;528;292;597;209856;64,872;15,126;0,485;5,118
ID20497;20497;171;9,958;300,3;266,5;0;58200;97;7;1;10,206;115,956;518,557;6,918;None;None;None;None;None;None;-10921639;518,557;538;325;593;214164;60,745;15,159;0,481;5,549
ID20729;20729;171;9,848;300,3;267,8;0;58800;98;7;1;7,475;113,54;509,45;7,625;None;None;None;None;None;None;-10921639;509,45;528;313;589;210403;56,139;15,151;0,503;6,077
ID20968;20968;171;9,877;299;269,1;0;59400;99;7;1;7,956;115,816;514,872;6,777;None;None;None;None;None;None;-10921639;514,872;536;313;595;212642;58,966;15,106;0,494;5,774
ID21206;21206;171;10,474;298,35;271,05;0;60000;100;7;1;8,961;122,588;532,31;7,179;None;None;None;None;None;None;-10921639;532,31;548;345;623;219844;60,536;15,135;0,502;5,881
ID21436;21436;171;9,896;297,7;271,7;0;60600;101;7;1;8,315;121,419;531,661;6,45;None;None;None;None;None;None;-10921639;531,661;555;254;621;219576;67,288;15,21;0,463;4,999
ID21669;21669;171;10,075;297,05;271,7;0;61200;102;7;1;8,554;119,499;524,896;7,692;None;None;None;None;None;None;-10921639;524,896;545;238;599;216782;62,835;15,138;0,495;5,534
ID21905;21905;171;10,287;296,4;271,05;0;61800;103;7;1;8,494;122,366;531,167;6,998;None;None;None;None;None;None;-10921639;531,167;552;274;604;219372;59,185;15,121;0,498;5,964
ID22139;22139;171;10,073;295,75;271,7;0;62400;104;7;1;8,155;123,55;532,787;7,015;None;None;None;None;None;None;-10921639;532,787;548;269;606;220041;57,474;15,214;0,485;6,058
ID22601;22601;171;9,973;295,1;271,7;0;63000;105;7;1;8,985;120,547;527,387;7,528;None;None;None;None;None;None;-10921639;527,387;548;278;597;217811;55,245;15,224;0,488;6,262
ID22369;22369;171;10,207;294,45;272,35;0;63600;106;7;1;8,07;127,213;540,429;6,53;None;None;None;None;None;None;-10921639;540,429;559;269;610;223197;62,679;15,29;0,481;5,599
ID22834;22834;171;10,266;293,8;273;0;64200;107;7;1;9,157;127,983;545,39;6,225;None;None;None;None;None;None;-10921639;545,39;568;274;623;225246;60,507;15,228;0,48;5,844
ID23062;23062;171;10,533;293,8;273,65;0;64800;108;7;1;8,617;129,533;547,85;7,855;None;None;None;None;None;None;-10921639;547,85;575;283;637;226262;66,376;15,202;0,494;5,46
ID23294;23294;171;10,338;292,5;273;0;65400;109;7;1;8,257;133,378;553,828;7,065;None;None;None;None;None;None;-10921639;553,828;573;333;625;228731;56,014;15,227;0,476;6,374
ID23520;23520;171;10,485;292,5;274,3;0;66000;110;7;1;8,45;127,157;540,743;6,62;None;None;None;None;None;None;-10921639;540,743;562;296;621;223327;63,637;15,253;0,494;5,623
ID23752;23752;171;10,486;292,5;273;0;66600;111;7;1;9,155;130,414;551,281;6,683;None;None;None;None;None;None;-10921639;551,281;571;333;612;227679;54,372;15,244;0,491;6,681
ID23983;23983;171;10,703;293,15;274,3;0;67200;112;7;1;8,893;129,797;549,315;6,768;None;None;None;None;None;None;-10921639;549,315;571;301;623;226867;61,603;15,231;0,504;5,974
ID24216;24216;171;10,686;292,5;274,95;0;67800;113;7;1;8,242;129,743;551,995;6,753;None;None;None;None;None;None;-10921639;551,995;571;301;627;227974;56,549;15,331;0,504;6,54
ID24451;24451;171;10,309;292,5;276,25;0;68400;114;7;1;8,613;123,998;537,281;8,293;None;None;None;None;None;None;-10921639;537,281;555;333;621;221897;58,488;15,251;0,494;6,078
ID24689;24689;171;10,807;291,85;277,55;0;69000;115;7;1;8,082;134,387;558,433;6,426;None;None;None;None;None;None;-10921639;558,433;582;278;639;230633;63,942;15,215;0,499;5,813
ID24926;24926;171;10,685;290,55;276,9;0;69600;116;7;1;9,07;136,748;565,983;8,017;None;None;None;None;None;None;-10921639;565,983;582;329;643;233751;57,587;15,299;0,485;6,417
ID25162;25162;171;11,059;290,55;277,55;0;70200;117;7;1;9,45;138,794;568,993;7,245;None;None;None;None;None;None;-10921639;568,993;584;359;661;234994;59,478;15,238;0,506;6,427
ID25396;25396;171;11,309;289,9;277,55;0;70800;118;7;1;8,92;147,07;585,09;6,632;None;None;None;None;None;None;-10921639;585,09;606;296;665;241642;64,033;15,258;0,504;6,123
ID25862;25862;171;11,064;289,9;278,2;0;71400;119;7;1;8,942;137,818;569,579;6,53;None;None;None;None;None;None;-10921639;569,579;586;337;651;235236;61,468;15,254;0,508;6,24
ID25629;25629;171;10,896;290,55;279,5;0;72000;120;7;1;8,366;134,431;559,877;7,133;None;None;None;None;None;None;-10921639;559,877;577;313;647;231229;63,018;15,231;0,505;5,963
ID26103;26103;171;10,659;289,9;279,5;0;72600;121;7;1;9,971;132,627;560,545;6,538;None;None;None;None;None;None;-10921639;560,545;577;309;637;231505;63,916;15,307;0,489;5,763
ID26561;26561;171;10,856;289,25;280,15;0;73200;122;7;1;8,404;134,564;562,143;7,247;None;None;None;None;None;None;-10921639;562,143;580;337;647;232165;60,912;15,298;0,502;6,166
ID26336;26336;171;10,81;288,6;281,45;0;73800;123;7;1;8,792;135,998;561,659;6,896;None;None;None;None;None;None;-10921639;561,659;582;313;633;231965;58,331;15,335;0,504;6,454
ID27021;27021;171;11,018;288,6;281,45;0;74400;124;7;1;9,145;135,518;564,533;6,956;None;None;None;None;None;None;-10921639;564,533;582;337;641;233152;60,006;15,322;0,507;6,333
ID26794;26794;171;11,381;288,6;282,1;0;75000;125;7;1;8,755;140,806;579,729;7,576;None;None;None;None;None;None;-10921639;579,729;599;363;647;239428;57,696;15,354;0,524;6,91
ID27248;27248;171;11,022;289,25;282,75;0;75600;126;7;1;8,956;137,901;568,63;7,501;None;None;None;None;None;None;-10921639;568,63;589;352;633;234844;56,294;15,406;0,505;6,781
ID27475;27475;171;11,209;288,6;282,1;0;76200;127;7;1;8,225;141,877;575,324;6,663;None;None;None;None;None;None;-10921639;575,324;597;380;657;237609;56,099;15,361;0,517;6,993
ID27710;27710;171;11,074;288,6;282,75;0;76800;128;7;1;8,22;141,983;579,671;6,564;None;None;None;None;None;None;-10921639;579,671;602;363;649;239404;55,243;15,371;0,498;6,977
ID27941;27941;171;11,015;288,6;284,05;0;77400;129;7;1;8,632;138,37;569,947;5,92;None;None;None;None;None;None;-10921639;569,947;586;356;639;235388;52,8;15,366;0,507;7,259
ID28407;28407;171;10,813;288,6;284,05;0;78000;130;7;1;8,046;139,051;570,816;7,041;None;None;None;None;None;None;-10921639;570,816;591;363;639;235747;58,236;15,31;0,484;6,396
ID28171;28171;171;10,78;288,6;285,35;0;78600;131;7;1;8,584;135,731;565,191;7,036;None;None;None;None;None;None;-10921639;565,191;580;366;635;233424;53,935;15,376;0,499;6,979
ID28643;28643;171;10,885;287,95;285,35;0;79200;132;7;1;8,7;137,235;565,857;7,724;None;None;None;None;None;None;-10921639;565,857;584;352;627;233699;54,938;15,349;0,512;6,975
ID29112;29112;171;10,697;287,95;284,7;0;79800;133;7;1;9,051;138,126;567,637;8,479;None;None;None;None;None;None;-10921639;567,637;582;366;643;234434;52,732;15,351;0,495;7,128
ID28878;28878;171;11,11;287,95;284,05;0;80400;134;7;1;8,523;139,765;573,15;7,203;None;None;None;None;None;None;-10921639;573,15;591;345;655;236711;60,917;15,353;0,504;6,309
ID29346;29346;171;11,025;287,95;284,7;0;81000;135;7;1;9,605;136,552;566,07;7,121;None;None;None;None;None;None;-10921639;566,07;586;333;659;233787;59,599;15,335;0,507;6,389
ID29582;29582;171;11,28;287,95;285,35;0;81600;136;7;1;7,918;143,985;578,508;6,973;None;None;None;None;None;None;-10921639;578,508;597;356;653;238924;57,334;15,326;0,522;6,919
ID29819;29819;171;10,49;287,95;286;0;82200;137;7;1;8,368;135,012;564,833;7,533;None;None;None;None;None;None;-10921639;564,833;582;348;629;233276;49,062;15,376;0,497;7,648
ID30762;30762;171;10,899;287,95;286;0;82800;138;7;1;8,826;138,288;573,3;6,901;None;None;None;None;None;None;-10921639;573,3;591;373;637;236773;53,228;15,392;0,5;7,179
ID30051;30051;171;10,746;287,3;286;0;83400;139;7;1;8,356;137,722;569,811;6,286;None;None;None;None;None;None;-10921639;569,811;584;359;645;235332;48,624;15,391;0,503;7,841
ID30287;30287;171;10,723;287,3;285,35;0;84000;140;7;1;8,966;137,78;569,337;7,312;None;None;None;None;None;None;-10921639;569,337;591;329;633;235136;54,327;15,338;0,5;6,987
ID30529;30529;171;11,238;286,65;284,7;0;84600;141;7;1;8,634;143,956;582,821;7,32;None;None;None;None;None;None;-10921639;582,821;602;377;655;240705;52,806;15,487;0,511;7,46
ID31482;31482;171;10,752;286;285,35;0;85200;142;7;1;8,695;141,085;577,768;7,056;None;None;None;None;None;None;-10921639;577,768;593;373;647;238618;50,263;15,413;0,488;7,537
ID30996;30996;171;10,835;286,65;285,35;0;85800;143;7;1;9,005;138,293;572,552;6,467;None;None;None;None;None;None;-10921639;572,552;593;380;645;236464;53,911;15,409;0,501;7,091
ID31236;31236;171;10,947;286,65;285,35;0;86400;144;7;1;9,644;141,78;581,235;7,31;None;None;None;None;None;None;-10921639;581,235;595;366;653;240050;54,635;15,435;0,49;7
ID31724;31724;171;10,931;286;285,35;0;87000;145;7;1;8,489;144,257;584,08;6,576;None;None;None;None;None;None;-10921639;584,08;595;400;649;241225;46,225;15,494;0,499;8,414
ID32206;32206;171;11,204;286;284,05;0;87600;146;7;1;9,344;147,542;590,513;6,68;None;None;None;None;None;None;-10921639;590,513;604;363;655;243882;54,811;15,434;0,494;7,127
ID31965;31965;171;11,164;286,65;285,35;0;88200;147;7;1;9,983;147,145;589,77;7,356;None;None;None;None;None;None;-10921639;589,77;606;425;661;243575;49,256;15,486;0,503;8,019
ID32446;32446;171;10,923;287,3;286,65;0;88800;148;7;1;8,373;146,513;584,632;7,116;None;None;None;None;None;None;-10921639;584,632;595;407;649;241453;45,192;15,49;0,495;8,568
ID32683;32683;171;11,047;287,3;285,35;0;89400;149;7;1;9,465;145,596;590,123;6,646;None;None;None;None;None;None;-10921639;590,123;604;403;655;243721;46,678;15,523;0,494;8,36
ID32924;32924;171;11,182;287,3;285,35;0;90000;150;7;1;8,668;152,283;601,092;6,906;None;None;None;None;None;None;-10921639;601,092;619;380;671;248251;51,617;15,486;0,49;7,661
ID33159;33159;171;10,693;286,65;286,65;0;90600;151;7;1;9,155;142,281;581,935;6,857;None;None;None;None;None;None;-10921639;581,935;597;363;639;240339;46,831;15,478;0,486;8,128
ID33630;33630;171;10,701;287,3;286;0;91200;152;7;1;8,76;145,421;584,167;7,475;None;None;None;None;None;None;-10921639;584,167;597;425;643;241261;44,296;15,448;0,489;8,664
ID33388;33388;171;10,798;288,6;285,35;0;91800;153;7;1;8,995;144,317;584,676;6,998;None;None;None;None;None;None;-10921639;584,676;602;397;645;241471;50,069;15,451;0,483;7,602
ID33867;33867;171;10,627;288,6;286;0;92400;154;7;1;8,24;142,022;581,741;7,094;None;None;None;None;None;None;-10921639;581,741;593;431;645;240259;45,623;15,522;0,472;8,182
ID34101;34101;171;10,615;287,95;286;0;93000;155;7;1;8,85;140,608;575,78;6,893;None;None;None;None;None;None;-10921639;575,78;589;377;639;237797;44,256;15,463;0,49;8,554
ID34338;34338;171;10,643;288,6;285,35;0;93600;156;7;1;10,157;143,373;583,746;6,249;None;None;None;None;None;None;-10921639;583,746;602;373;663;241087;50,309;15,469;0,474;7,462
ID34577;34577;171;10,448;288,6;286;0;94200;157;7;1;8,775;139,305;572,521;7;None;None;None;None;None;None;-10921639;572,521;586;359;639;236451;47,457;15,453;0,481;7,838
ID34817;34817;171;10,198;288,6;286;0;94800;158;7;1;8,731;138,14;569,852;6,845;None;None;None;None;None;None;-10921639;569,852;580;407;631;235349;43,448;15,491;0,465;8,33
ID35059;35059;171;10,335;288,6;286,65;0;95400;159;7;1;8,736;139,908;573,283;8,789;None;None;None;None;None;None;-10921639;573,283;584;422;631;236766;40,898;15,462;0,475;9,03
ID35558;35558;171;10,153;287,95;286,65;0;96000;160;7;1;8,547;135,973;569,092;7,189;None;None;None;None;None;None;-10921639;569,092;586;397;629;235035;45,206;15,493;0,465;7,989
ID35307;35307;171;10,363;287,95;286,65;0;96600;161;7;1;8,128;134,639;561,617;6,869;None;None;None;None;None;None;-10921639;561,617;577;390;614;231948;46,522;15,513;0,488;7,918
ID35801;35801;171;10,614;287,3;286,65;0;97200;162;7;1;8,402;143,646;583,242;8,061;None;None;None;None;None;None;-10921639;583,242;595;410;649;240879;44,775;15,559;0,485;8,514
ID36049;36049;171;10,296;287,95;287,3;0;97800;163;7;1;8,308;135,542;567,073;6,431;None;None;None;None;None;None;-10921639;567,073;582;377;625;234201;44,025;15,596;0,482;8,379
ID36289;36289;171;10,527;287,95;287,3;0;98400;164;7;1;8,571;138,855;574,862;7,429;None;None;None;None;None;None;-10921639;574,862;589;394;635;237418;46,693;15,584;0,486;8,056
ID36533;36533;171;10,18;287,95;287,3;0;99000;165;7;1;7,847;133,126;560,649;6,545;None;None;None;None;None;None;-10921639;560,649;577;356;614;231548;47,6;15,557;0,478;7,617
ID36773;36773;171;10,387;288,6;286,65;0;99600;166;7;1;9,935;134,385;566,954;8,387;None;None;None;None;None;None;-10921639;566,954;577;387;639;234152;45,722;15,56;0,48;8,038
ID37013;37013;171;10,115;286,65;286,65;0;100200;167;7;1;9,489;127,666;553,794;6,85;None;None;None;None;None;None;-10921639;553,794;566;352;614;228717;43,318;15,586;0,485;8,354
ID37493;37493;171;10,199;286,65;286,65;0;100800;168;7;1;9,077;130,358;554,431;7,169;None;None;None;None;None;None;-10921639;554,431;566;403;612;228980;40,747;15,554;0,493;8,98
ID37255;37255;171;9,945;286,65;286,65;0;101400;169;7;1;8,39;128,927;554,448;7,489;None;None;None;None;None;None;-10921639;554,448;564;384;604;228987;39,05;15,613;0,472;9,103
ID37734;37734;171;10,212;286,65;287,3;0;102000;170;7;1;9,322;133,93;564,065;7,341;None;None;None;None;None;None;-10921639;564,065;577;377;627;232959;39,506;15,531;0,484;9,311
ID37977;37977;171;10,046;286,65;287,3;0;102600;171;7;1;9,557;126,538;547,828;7,431;None;None;None;None;None;None;-10921639;547,828;562;345;608;226253;44,497;15,561;0,49;8,094
ID38219;38219;171;10,226;286,65;287,95;0;103200;172;7;1;8,45;133,324;563,973;6,847;None;None;None;None;None;None;-10921639;563,973;580;345;619;232921;44,758;15,504;0,48;8,169
ID38465;38465;171;10,481;287,3;287,95;0;103800;173;7;1;9,688;132,218;560,218;6,775;None;None;None;None;None;None;-10921639;560,218;575;359;621;231370;46,078;15,518;0,501;8,117
ID38713;38713;171;9,989;287,95;287,95;0;104400;174;7;1;10,015;126,031;550,511;6,513;None;None;None;None;None;None;-10921639;550,511;568;359;619;227361;49,762;15,527;0,472;7,092
ID38959;38959;171;10,173;287,95;287,95;0;105000;175;7;1;9,55;132,877;561,801;7,729;None;None;None;None;None;None;-10921639;561,801;575;384;619;232024;44,546;15,52;0,479;8,165
ID39205;39205;171;9,942;288,6;287,3;0;105600;176;7;1;11,639;130,913;562,54;7,09;None;None;None;None;None;None;-10921639;562,54;575;390;621;232329;46,061;15,476;0,461;7,709
ID39454;39454;171;10,35;287,95;287,3;0;106200;177;7;1;11,864;134,264;572,433;7,603;None;None;None;None;None;None;-10921639;572,433;589;352;637;236415;49,681;15,597;0,475;7,418
ID39945;39945;171;9,927;287,3;287,3;0;106800;178;7;1;12,041;125,143;551,196;6,622;None;None;None;None;None;None;-10921639;551,196;562;337;619;227644;44,657;15,592;0,475;7,955
ID39700;39700;171;10,229;286,65;286,65;0;107400;179;7;1;13,424;132,7;575,048;6,153;None;None;None;None;None;None;-10921639;575,048;589;370;639;237495;45,332;15,541;0,466;8,065
ID40195;40195;171;10,623;286,65;287,3;0;108000;180;7;1;14,891;133,467;576,838;8,656;None;None;None;None;None;None;-10921639;576,838;586;390;639;238234;42,831;15,606;0,487;8,822
ID40445;40445;171;10,653;287,95;287,95;0;108600;181;7;1;14,605;134,39;579,443;7,061;None;None;None;None;None;None;-10921639;579,443;589;400;639;239310;42,596;15,615;0,49;8,945
ID40689;40689;171;10,663;288,6;287,3;0;109200;182;7;1;15,266;129,702;572,511;7,09;None;None;None;None;None;None;-10921639;572,511;589;373;639;236447;48,579;15,598;0,496;7,816
ID40934;40934;171;10,515;288,6;287,3;0;109800;183;7;1;15,811;126,545;563,891;6,317;None;None;None;None;None;None;-10921639;563,891;577;370;621;232887;44,654;15,58;0,494;8,346
ID41179;41179;171;10,891;287,95;287,95;0;110400;184;7;1;20,136;135,397;593,789;7,162;None;None;None;None;None;None;-10921639;593,789;604;410;643;245235;42,686;15,546;0,485;9,082
ID41424;41424;171;10,46;287,95;287,95;0;111000;185;7;1;20,634;125,683;569,383;6,775;None;None;None;None;None;None;-10921639;569,383;582;416;623;235155;40,485;15,574;0,488;9,22
ID41666;41666;171;10,633;287,95;288,6;0;111600;186;7;1;21,167;125,24;574,138;6,726;None;None;None;None;None;None;-10921639;574,138;586;380;639;237119;48,738;15,529;0,484;7,683
ID41912;41912;171;10,789;287,95;289,25;0;112200;187;7;1;23,942;125,734;582,952;7,54;None;None;None;None;None;None;-10921639;582,952;595;410;659;240759;48,039;15,547;0,485;7,929
ID42160;42160;171;10,628;287,95;289,25;0;112800;188;7;1;24,559;125,16;576,785;8,3;None;None;None;None;None;None;-10921639;576,785;589;384;645;238212;48,73;15,538;0,484;7,715
ID42409;42409;171;10,868;287,3;289,25;0;113400;189;7;1;24,172;124,731;576,646;7,61;None;None;None;None;None;None;-10921639;576,646;593;359;649;238155;52,516;15,489;0,497;7,287
ID42654;42654;171;11,082;287,3;289,25;0;114000;190;7;1;29,034;126,027;589,608;7,642;None;None;None;None;None;None;-10921639;589,608;606;380;669;243508;52,558;15,524;0,496;7,435
ID42902;42902;171;10,959;287,3;289,25;0;114600;191;7;1;27,528;123,002;578,891;6,973;None;None;None;None;None;None;-10921639;578,891;593;356;678;239082;55,604;15,486;0,492;6,863
ID43157;43157;171;10,891;286,65;289,25;0;115200;192;7;1;29,593;120,223;578,99;6,826;None;None;None;None;None;None;-10921639;578,99;591;366;649;239123;49,956;15,507;0,5;7,727
ID43411;43411;171;10,931;287,3;289,25;0;115800;193;7;1;31,138;123,985;590,167;7,274;None;None;None;None;None;None;-10921639;590,167;602;403;684;243739;52,845;15,554;0,485;7,29
ID43908;43908;171;10,878;287,95;289,9;0;116400;194;7;1;33,85;121,949;591,387;7,654;None;None;None;None;None;None;-10921639;591,387;604;373;675;244243;54,809;15,516;0,478;6,977
ID43660;43660;171;11,178;287,3;288,6;0;117000;195;7;1;34,511;123,724;597,53;6,409;None;None;None;None;None;None;-10921639;597,53;614;377;675;246780;55,91;15,505;0,497;7,093
ID44157;44157;171;11,161;287,95;288,6;0;117600;196;7;1;33,978;122,877;595,857;7,182;None;None;None;None;None;None;-10921639;595,857;612;403;676;246089;56,218;15,5;0,488;6,953
ID44661;44661;171;11,962;288,6;287,95;0;118200;197;7;1;36,918;133,494;622,329;7,826;None;None;None;None;None;None;-10921639;622,329;637;394;715;257022;62,596;15,492;0,502;6,644
ID44409;44409;171;11,608;288,6;288,6;0;118800;198;7;1;37,927;128,37;614,688;7,385;None;None;None;None;None;None;-10921639;614,688;629;425;690;253866;55,079;15,555;0,498;7,418
ID45163;45163;171;11,901;288,6;288,6;0;119400;199;7;1;39,809;132,121;624,041;6,753;None;None;None;None;None;None;-10921639;624,041;643;431;708;257729;58,787;15,528;0,508;7,148
ID44912;44912;171;11,403;289,25;288,6;0;120000;200;7;1;39,295;124,801;611,637;7,058;None;None;None;None;None;None;-10921639;611,637;625;437;703;252606;53,405;15,51;0,486;7,488
ID45417;45417;171;11,431;290,55;288,6;0;120600;201;7;1;42,559;124,869;618,087;7,525;None;None;None;None;None;None;-10921639;618,087;629;443;678;255270;44,831;15,609;0,494;9,112
ID45673;45673;171;11,425;290,55;287,95;0;121200;202;7;1;42,603;124,436;617,719;7,058;None;None;None;None;None;None;-10921639;617,719;625;431;692;255118;47,996;15,635;0,489;8,455
ID45925;45925;171;11,89;290,55;287,95;0;121800;203;7;1;44,833;125,184;621,68;6,988;None;None;None;None;None;None;-10921639;621,68;633;390;710;256754;54,986;15,554;0,504;7,574
ID46178;46178;171;11,734;289,9;287,3;0;122400;204;7;1;45,591;128,785;630,768;7,646;None;None;None;None;None;None;-10921639;630,768;647;410;706;260507;55,774;15,577;0,482;7,352
ID46434;46434;171;12,116;291,2;287,95;0;123000;205;7;1;49,262;132,69;647,087;7,044;None;None;None;None;None;None;-10921639;647,087;655;428;728;267247;51,305;15,673;0,496;8,365
ID46692;46692;171;12,212;291,85;287,95;0;123600;206;7;1;51,63;129,303;646,971;6,501;None;None;None;None;None;None;-10921639;646,971;657;434;724;267199;50,45;15,636;0,496;8,501
ID46945;46945;171;11,982;291,2;287,3;0;124200;207;7;1;52,397;123,426;634,598;7,32;None;None;None;None;None;None;-10921639;634,598;643;455;710;262089;51,719;15,632;0,494;8,113
ID47199;47199;171;12,01;292,5;287,3;0;124800;208;7;1;50,472;121,985;630,191;7,387;None;None;None;None;None;None;-10921639;630,191;641;413;721;260269;57,374;15,674;0,497;7,292
ID47459;47459;171;12,053;292,5;286,65;0;125400;209;7;1;53,346;124,484;638,678;7,816;None;None;None;None;None;None;-10921639;638,678;645;452;746;263774;53,401;15,595;0,499;7,965
ID47718;47718;171;12,206;291,85;286,65;0;126000;210;7;1;52,768;126,835;645,274;7,245;None;None;None;None;None;None;-10921639;645,274;651;452;747;266498;54,096;15,642;0,498;7,927
ID47973;47973;171;12,269;291,2;287,3;0;126600;211;7;1;53,852;126,91;644,939;8,165;None;None;None;None;None;None;-10921639;644,939;653;434;740;266360;54,374;15,631;0,504;7,95
ID48233;48233;171;12,323;290,55;287,95;0;127200;212;7;1;58,542;128,138;654,349;7,073;None;None;None;None;None;None;-10921639;654,349;667;452;752;270246;57,381;15,563;0,491;7,511
ID48492;48492;171;12,278;289,9;289,9;0;127800;213;7;1;58,218;126,947;651,818;6,63;None;None;None;None;None;None;-10921639;651,818;663;449;742;269201;49,551;15,615;0,506;8,839
ID48755;48755;171;12,843;289,25;289,9;0;128400;214;7;1;62,121;128,63;663,179;6,906;None;None;None;None;None;None;-10921639;663,179;675;428;759;273893;58,572;15,624;0,506;7,607
ID49022;49022;171;13,554;288,6;292,5;0;129000;215;7;1;66,082;137,942;687,283;6,973;None;None;None;None;None;None;-10921639;687,283;701;474;789;283848;62,455;15,593;0,526;7,584
ID49285;49285;171;13,419;287,95;292,5;0;129600;216;7;1;67,77;135,668;685,676;7,538;None;None;None;None;None;None;-10921639;685,676;695;485;794;283184;64,851;15,61;0,511;7,148
ID49552;49552;171;13,134;288,6;293,15;0;130200;217;7;1;66,167;131,879;676,119;7,254;None;None;None;None;None;None;-10921639;676,119;693;384;789;279237;72,239;15,515;0,502;6,26
ID49814;49814;171;13,982;287,95;294,45;0;130800;218;7;1;73,831;138,76;703,339;7,211;None;None;None;None;None;None;-10921639;703,339;714;449;815;290479;68,202;15,576;0,524;7,094
ID50082;50082;171;13,376;287,95;295,1;0;131400;219;7;1;72,569;126,15;678,806;6,944;None;None;None;None;None;None;-10921639;678,806;690;466;786;280347;66,957;15,588;0,514;6,885
ID50597;50597;171;13,798;287,95;295,1;0;132000;220;7;1;76,007;133,242;696,23;6,896;None;None;None;None;None;None;-10921639;696,23;705;431;798;287543;63,021;15,585;0,529;7,647
ID50340;50340;171;14,059;287,3;294,45;0;132600;221;7;1;77,661;136,923;708,286;7,642;None;None;None;None;None;None;-10921639;708,286;717;485;815;292522;63,942;15,605;0,525;7,629
ID50859;50859;171;14,054;287,95;295,1;0;133200;222;7;1;83,584;135,634;715,734;7,78;None;None;None;None;None;None;-10921639;715,734;723;457;836;295598;70,473;15,536;0,512;6,88
ID51123;51123;171;14,716;287,95;295,75;0;133800;223;7;1;90,692;147,898;746,148;7,579;None;None;None;None;None;None;-10921639;746,148;756;485;873;308159;71,859;15,555;0,52;7,104
ID51385;51385;171;14,124;287,3;293,8;0;134400;224;7;1;88,668;139,082;724,155;7,085;None;None;None;None;None;None;-10921639;724,155;739;443;846;299076;76,27;15,541;0,503;6,356
ID51913;51913;171;12,157;286,65;291,85;0;135000;225;7;1;85,84;112,383;670,206;7,167;None;None;None;None;None;None;-10921639;670,206;682;443;799;276795;73,593;15,371;0,44;5,566
ID51649;51649;171;5,037;290,55;291,2;0;135600;226;7;1;34,131;60,499;438,245;7,446;None;None;None;None;None;None;-10921639;438,245;457;221;516;180995;59,577;15,403;0,227;2,72
ID52179;52179;171;4,886;286,65;292,5;0;136200;227;7;1;36,506;62,027;449,61;6,499;None;None;None;None;None;None;-10921639;449,61;463;203;518;185689;52,22;15,635;0,226;3,17
ID53253;53253;171;4,045;287,3;291,85;0;138600;231;7;1;45,47;13,906;323,671;6,918;None;None;None;None;None;None;-10921639;323,671;321;176;437;133676;46,778;15,583;0,249;2,757
ID53526;53526;171;5,312;287,95;294,45;0;139200;232;7;1;50,436;9,981;326,138;7,019;None;None;None;None;None;None;-10921639;326,138;317;197;455;134695;59,774;11,269;0,332;2,722
ID53789;53789;171;5,324;287,3;293,8;0;139800;233;7;1;57,218;11,458;354,266;7,872;None;None;None;None;None;None;-10921639;354,266;348;233;485;146312;64,473;11,287;0,293;2,489
ID54063;54063;171;5,794;286,65;295,1;0;140400;234;7;1;54,603;10,22;331,506;6,45;None;None;None;None;None;None;-10921639;331,506;337;197;474;136912;79,995;11,243;0,352;2,156
ID54335;54335;171;6,11;287,3;294,45;0;141000;235;7;1;59,361;10,123;354,404;7,157;None;None;None;None;None;None;-10921639;354,404;370;168;485;146369;83,73;11,268;0,351;2,201
ID54611;54611;171;6,536;287,3;294,45;0;141600;236;7;1;62,53;10,651;364,162;7,225;None;None;None;None;None;None;-10921639;364,162;387;183;485;150399;81,23;11,265;0,384;2,488
ID55459;55459;171;6,795;287,3;295,75;0;142200;237;7;1;64,908;12,671;386,194;7,62;None;None;None;None;None;None;-10921639;386,194;413;160;480;159498;74,42;11,303;0,386;2,89
ID55180;55180;171;7,494;287,3;296,4;0;142800;238;7;1;70,545;11,395;393,518;7,453;None;None;None;None;None;None;-10921639;393,518;419;152;508;162523;82,947;11,317;0,434;2,873
ID54891;54891;171;7,571;286,65;297,7;0;143400;239;7;1;72,479;8,949;401,286;6,383;None;None;None;None;None;None;-10921639;401,286;431;168;482;165731;78,504;11,33;0,436;3,102
ID55738;55738;171;7,757;286,65;297,05;0;144000;240;7;1;72,637;9,913;401,467;5,956;None;None;None;None;None;None;-10921639;401,467;434;143;490;165806;80,868;11,332;0,458;3,119
ID56306;56306;171;7,907;286,65;297,05;0;144600;241;7;1;72,036;9,651;400,046;6,426;None;None;None;None;None;None;-10921639;400,046;431;152;511;165219;84,896;11,324;0,465;2,993
ID56023;56023;171;8,001;286,65;297,7;0;145200;242;7;1;73,203;10,114;402,656;8,109;None;None;None;None;None;None;-10921639;402,656;431;124;506;166297;84,229;11,349;0,478;3,091
ID56590;56590;171;7,905;286;298,35;0;145800;243;7;1;75,257;10,409;411,397;8,165;None;None;None;None;None;None;-10921639;411,397;437;203;501;169907;68,535;11,383;0,478;3,88
ID56877;56877;171;8,096;285,35;298,35;0;146400;244;7;1;74,395;11,419;416,225;7,157;None;None;None;None;None;None;-10921639;416,225;440;203;526;171901;72,704;11,381;0,478;3,705
ID57724;57724;171;8,155;285,35;298,35;0;147000;245;7;1;74,322;9,688;409,92;7,155;None;None;None;None;None;None;-10921639;409,92;428;183;493;169297;68,724;11,405;0,507;4,012
ID57449;57449;171;8,196;284,7;299,65;0;147600;246;7;1;78,022;10,642;425,542;7,136;None;None;None;None;None;None;-10921639;425,542;440;215;557;175749;67,812;11,403;0,49;4,126
ID57166;57166;171;7,704;284,7;299;0;148200;247;7;1;75,024;10,857;417,969;6,339;None;None;None;None;None;None;-10921639;417,969;434;221;518;172621;62,283;11,407;0,446;4,139
ID58293;58293;171;7,861;284,7;299,65;0;148800;248;7;1;75,697;10,264;414,755;6,09;None;None;None;None;None;None;-10921639;414,755;437;168;521;171294;65,739;11,412;0,478;4,083
ID58579;58579;171;8,401;284,05;299;0;149400;249;7;1;83,136;9,39;435,029;6,93;None;None;None;None;None;None;-10921639;435,029;452;209;531;179667;64,061;11,434;0,496;4,505
ID58011;58011;171;8,144;283,4;300,3;0;150000;250;7;1;79,702;11,029;430,201;6,6;None;None;None;None;None;None;-10921639;430,201;446;233;538;177673;58,85;11,441;0,494;4,836
ID58870;58870;171;8,161;282,75;300,3;0;150600;251;7;1;80,429;10,305;431,927;7,08;None;None;None;None;None;None;-10921639;431,927;443;233;536;178386;59,224;11,414;0,485;4,765
ID59151;59151;171;8,069;282,1;301,6;0;151200;252;7;1;80,041;8,753;426,845;6,542;None;None;None;None;None;None;-10921639;426,845;440;259;513;176287;53,173;11,44;0,481;5,214
ID59436;59436;171;8,245;282,1;300,95;0;151800;253;7;1;82,85;10,436;439,785;7,453;None;None;None;None;None;None;-10921639;439,785;457;249;533;181631;58,846;11,424;0,479;4,838
ID60002;60002;171;8,224;283,4;301,6;0;152400;254;7;1;81,087;11,252;438,806;6,69;None;None;None;None;None;None;-10921639;438,806;452;254;521;181227;53,026;15,092;0,493;5,466
ID59718;59718;171;7,989;283,4;301,6;0;153000;255;7;1;80,886;11,821;439,891;6,867;None;None;None;None;None;None;-10921639;439,891;452;264;518;181675;47,498;15,111;0,479;5,998
ID60279;60279;171;8,178;283,4;302,25;0;153600;256;7;1;83,002;11,303;444,843;6,794;None;None;None;None;None;None;-10921639;444,843;460;264;518;183720;51,038;15,039;0,483;5,679
ID60560;60560;171;7,763;283,4;301,6;0;154200;257;7;1;80,012;11,07;435,799;7,16;None;None;None;None;None;None;-10921639;435,799;455;197;531;179985;57,3;15,022;0,453;4,743
ID60837;60837;171;8,311;283,4;302,25;0;154800;258;7;1;84,547;10,404;447,019;6,228;None;None;None;None;None;None;-10921639;447,019;460;254;533;184619;53,973;15,018;0,482;5,387
ID61116;61116;171;8,467;284,05;302,9;0;155400;259;7;1;88,085;11,16;457,61;8,453;None;None;None;None;None;None;-10921639;457,61;471;259;550;188993;55,606;15,092;0,477;5,313
ID61395;61395;171;8,532;284,05;302,25;0;156000;260;7;1;86,949;12,404;457,777;6,804;None;None;None;None;None;None;-10921639;457,777;477;244;531;189062;60,249;15,003;0,477;4,909
ID62236;62236;171;8,804;284,7;302,9;0;156600;261;7;1;91,487;11,044;465,513;7,363;None;None;None;None;None;None;-10921639;465,513;482;238;557;192257;61,692;15,059;0,496;5,003
ID61954;61954;171;9,023;284,7;302,9;0;157200;262;7;1;91,056;11,872;465,831;6,448;None;None;None;None;None;None;-10921639;465,831;480;264;559;192388;60,347;15,011;0,502;5,157
ID61676;61676;171;9,222;286;303,55;0;157800;263;7;1;91,521;11,213;468,673;7,114;None;None;None;None;None;None;-10921639;468,673;488;259;552;193562;61,425;11,421;0,514;5,178
ID62797;62797;171;9,172;286;303,55;0;158400;264;7;1;96,596;11,196;479,523;6,753;None;None;None;None;None;None;-10921639;479,523;503;287;568;198043;59,572;15,01;0,496;5,334
ID62518;62518;171;8,659;286,65;303,55;0;159000;265;7;1;90,99;10,453;466,559;7,32;None;None;None;None;None;None;-10921639;466,559;490;227;543;192689;60,708;15,002;0,466;4,884
ID63076;63076;171;9,64;286,65;302,25;0;159600;266;7;1;98,893;10,499;483,291;6,823;None;None;None;None;None;None;-10921639;483,291;508;227;582;199599;70,064;11,408;0,511;4,663
ID63352;63352;171;9,234;286,65;302,9;0;160200;267;7;1;94,678;11,005;477,339;8,625;None;None;None;None;None;None;-10921639;477,339;498;278;589;197141;63,739;15,01;0,498;4,979
ID63635;63635;171;8,829;286;302,9;0;160800;268;7;1;94,109;11,54;475,598;7,714;None;None;None;None;None;None;-10921639;475,598;498;233;571;196422;60,962;11,424;0,466;4,961
ID63911;63911;171;9,214;286;302,9;0;161400;269;7;1;96,068;11,218;480,407;6,913;None;None;None;None;None;None;-10921639;480,407;493;244;595;198408;65,042;11,424;0,478;4,78
ID64465;64465;171;9,207;286;302,25;0;162000;270;7;1;98,409;10,995;480,954;6,823;None;None;None;None;None;None;-10921639;480,954;503;190;595;198634;74,885;11,413;0,477;4,146
ID64190;64190;171;9,034;286;302,25;0;162600;271;7;1;98,521;11,114;483,538;8,262;None;None;None;None;None;None;-10921639;483,538;498;197;597;199701;68,046;11,429;0,467;4,525
ID65018;65018;171;8,951;285,35;302,25;0;163200;272;7;1;98,506;11,107;483,833;7,153;None;None;None;None;None;None;-10921639;483,833;503;168;580;199823;68,542;11,417;0,451;4,389
ID64741;64741;171;9,2;286;302,9;0;163800;273;7;1;102,995;9,339;491,981;6,281;None;None;None;None;None;None;-10921639;491,981;513;249;597;203188;66,027;11,409;0,455;4,66
ID65292;65292;171;8,947;286;302,25;0;164400;274;7;1;99,017;10,249;485,4;7,661;None;None;None;None;None;None;-10921639;485,4;513;221;568;200470;68,582;11,415;0,451;4,399
ID65853;65853;171;9,089;286;302,25;0;165000;275;7;1;102,247;9,712;489,627;6,462;None;None;None;None;None;None;-10921639;489,627;511;227;602;202216;68,534;11,438;0,463;4,523
ID65574;65574;171;9,127;286,65;302,25;0;165600;276;7;1;102,777;12,061;496,893;7,044;None;None;None;None;None;None;-10921639;496,893;516;274;602;205217;62,693;11,442;0,463;5,016
ID66414;66414;171;9,66;286;300,95;0;166200;277;7;1;108,654;9,915;505,37;7,366;None;None;None;None;None;None;-10921639;505,37;531;259;623;208718;72,499;11,396;0,474;4,483
ID66131;66131;171;9,514;286;299,65;0;166800;278;7;1;102,283;11,499;492,414;6,637;None;None;None;None;None;None;-10921639;492,414;511;249;619;203367;70,726;11,399;0,473;4,469
ID66975;66975;171;9,29;286;299,65;0;167400;279;7;1;104,169;9,925;495,605;7,47;None;None;None;None;None;None;-10921639;495,605;513;259;614;204685;66,199;11,415;0,461;4,725
ID66693;66693;171;9,392;286,65;298,35;0;168000;280;7;1;103,419;11,031;491,775;6,768;None;None;None;None;None;None;-10921639;491,775;516;203;610;203103;82,131;11,388;0,46;3,773
ID67254;67254;171;9,307;286;297,7;0;168600;281;7;1;104,467;10,893;495,518;6,843;None;None;None;None;None;None;-10921639;495,518;513;254;602;204649;72,327;11,408;0,449;4,248
ID67541;67541;171;8,901;285,35;297,7;0;169200;282;7;1;103,293;9,097;487,893;6,843;None;None;None;None;None;None;-10921639;487,893;506;227;625;201500;75,249;11,376;0,416;3,812
ID67835;67835;171;8,974;285,35;297,7;0;169800;283;7;1;106,123;11,787;500,809;7,111;None;None;None;None;None;None;-10921639;500,809;513;287;631;206834;74,004;11,382;0,412;3,951
ID68132;68132;171;9,062;286;296,4;0;170400;284;7;1;105,656;10,806;496,133;7,237;None;None;None;None;None;None;-10921639;496,133;518;249;643;204903;82,923;11,353;0,411;3,488
ID68727;68727;171;9,114;285,35;295,75;0;171000;285;7;1;110,087;10,293;508,111;7,874;None;None;None;None;None;None;-10921639;508,111;526;283;625;209850;73,528;11,407;0,419;4,079
ID68428;68428;171;9,148;285,35;296,4;0;171600;286;7;1;111,588;10,15;512,235;7,087;None;None;None;None;None;None;-10921639;512,235;533;238;633;211553;73,374;11,389;0,415;4,094
ID69320;69320;171;9,634;286;297,05;0;172200;287;7;1;113,593;11,574;521,833;6,818;None;None;None;None;None;None;-10921639;521,833;536;274;645;215517;77,827;11,398;0,432;4,044
ID69022;69022;171;9,433;286,65;297,05;0;172800;288;7;1;109,671;10,036;509,949;7,162;None;None;None;None;None;None;-10921639;509,949;523;278;635;210609;70,912;11,425;0,444;4,42
ID69620;69620;171;9,874;286,65;298,35;0;173400;289;7;1;111,245;11,818;513,465;6,269;None;None;None;None;None;None;-10921639;513,465;538;238;614;212061;77,108;11,393;0,467;4,242
ID69916;69916;171;10,052;286,65;296,4;0;174000;290;7;1;114,056;10,78;523,37;7,305;None;None;None;None;None;None;-10921639;523,37;545;283;627;216152;70,926;11,423;0,47;4,719
ID70220;70220;171;9,95;287,3;296,4;0;174600;291;7;1;116,86;9,465;522,976;8,32;None;None;None;None;None;None;-10921639;522,976;545;292;633;215989;72,055;11,419;0,463;4,595
ID70513;70513;171;9,681;287,3;296,4;0;175200;292;7;1;117,508;10,324;528,734;7,143;None;None;None;None;None;None;-10921639;528,734;552;283;625;218367;70,323;11,43;0,436;4,569
ID71100;71100;171;9,882;287,3;295,1;0;175800;293;7;1;116,479;10,361;526,864;7,588;None;None;None;None;None;None;-10921639;526,864;557;244;651;217595;77,953;11,418;0,449;4,188
ID70807;70807;171;10,134;287,95;294,45;0;176400;294;7;1;116,157;9,763;523,559;8,39;None;None;None;None;None;None;-10921639;523,559;548;274;635;216230;74,642;11,423;0,478;4,535
ID71389;71389;171;10,875;289,25;294,45;0;177000;295;7;1;117,416;10,533;529,528;7,14;None;None;None;None;None;None;-10921639;529,528;559;249;673;218695;86,942;11,407;0,51;4,112
ID71682;71682;171;10,818;288,6;294,45;0;177600;296;7;1;117,4;11,24;533,051;6,455;None;None;None;None;None;None;-10921639;533,051;555;233;641;220150;76,941;15,048;0,514;4,705
ID71971;71971;171;10,743;288,6;294,45;0;178200;297;7;1;118,351;10,332;531,276;7,821;None;None;None;None;None;None;-10921639;531,276;559;221;643;219417;79,954;11,425;0,508;4,475
ID72256;72256;171;11,209;288,6;293,15;0;178800;298;7;1;128,119;10,017;549,45;7,462;None;None;None;None;None;None;-10921639;549,45;575;209;667;226923;81,837;11,423;0,516;4,571
ID72543;72543;171;11,05;289,25;293,8;0;179400;299;7;1;122,55;10,906;539,484;7,385;None;None;None;None;None;None;-10921639;539,484;566;249;676;222807;87,468;11,411;0,512;4,175
ID72831;72831;171;10,953;288,6;293,8;0;180000;300;7;1;125,501;9,797;543,232;6,501;None;None;None;None;None;None;-10921639;543,232;562;221;673;224355;77,594;11,424;0,51;4,728
ID73403;73403;171;10,808;287,95;293,15;0;180600;301;7;1;123,562;10,421;540,923;7,308;None;None;None;None;None;None;-10921639;540,923;571;168;673;223401;88,174;11,409;0,502;4,101
ID73115;73115;171;10,915;288,6;293,8;0;181200;302;7;1;125,913;9,935;545,414;7,603;None;None;None;None;None;None;-10921639;545,414;566;278;673;225256;78,214;11,418;0,499;4,643
ID73689;73689;171;11,063;288,6;292,5;0;181800;303;7;1;125,944;9,755;542,576;6,685;None;None;None;None;None;None;-10921639;542,576;566;176;680;224084;94,319;11,401;0,503;3,852
ID73975;73975;171;10,898;288,6;291,85;0;182400;304;7;1;127,637;9,627;547,121;8,041;None;None;None;None;None;None;-10921639;547,121;577;168;661;225961;90,464;11,429;0,496;4,012
ID74258;74258;171;10,493;289,25;292,5;0;183000;305;7;1;125,69;9,889;540,4;6,707;None;None;None;None;None;None;-10921639;540,4;571;215;665;223185;85,168;11,404;0,467;4,043
ID74531;74531;171;10,607;289,25;292,5;0;183600;306;7;1;124,511;10,15;538,726;6,925;None;None;None;None;None;None;-10921639;538,726;566;197;663;222494;90,89;11,376;0,466;3,769
ID74810;74810;171;10,434;289,25;289,9;0;184200;307;7;1;123,053;11,448;538,249;6,872;None;None;None;None;None;None;-10921639;538,249;568;168;655;222297;94,876;11,39;0,456;3,555
ID75093;75093;171;10,462;289,25;289,9;0;184800;308;7;1;125,748;8,794;543,015;7,93;None;None;None;None;None;None;-10921639;543,015;571;197;665;224265;93,966;11,396;0,451;3,59
ID75377;75377;171;10,278;289,25;288,6;0;185400;309;7;1;120,714;9,16;526,397;7,339;None;None;None;None;None;None;-10921639;526,397;564;152;680;217402;101,72;11,398;0,461;3,264
ID75660;75660;171;10,507;289,25;288,6;0;186000;310;7;1;124,54;10,487;539,741;7,131;None;None;None;None;None;None;-10921639;539,741;568;168;680;222913;96,771;11,389;0,457;3,497
ID75938;75938;171;10,823;288,6;288,6;0;186600;311;7;1;124,206;8,782;536,259;7,373;None;None;None;None;None;None;-10921639;536,259;571;168;671;221475;102,563;11,354;0,476;3,374
ID76224;76224;171;10,814;288,6;287,95;0;187200;312;7;1;130,223;9,872;552,617;7,552;None;None;None;None;None;None;-10921639;552,617;591;143;673;228231;106,527;11,39;0,472;3,325
ID76511;76511;171;10,775;289,25;289,25;0;187800;313;7;1;130,293;9,651;554,61;6,891;None;None;None;None;None;None;-10921639;554,61;584;221;673;229054;85,844;11,394;0,47;4,13
ID76803;76803;171;10,879;289,25;288,6;0;188400;314;7;1;127,903;10,278;547,92;7,116;None;None;None;None;None;None;-10921639;547,92;577;152;680;226291;95,534;11,399;0,486;3,751
ID77088;77088;171;10,783;289,9;288,6;0;189000;315;7;1;128,39;10,232;549,077;6,758;None;None;None;None;None;None;-10921639;549,077;580;209;667;226769;88,551;11,389;0,475;3,991
ID77370;77370;171;10,957;289,9;289,25;0;189600;316;7;1;128,978;9,579;554,913;7,603;None;None;None;None;None;None;-10921639;554,913;573;249;669;229179;82,779;11,416;0,486;4,387
ID77652;77652;171;11,142;289,9;289,9;0;190200;317;7;1;131,651;9,63;559,121;6,68;None;None;None;None;None;None;-10921639;559,121;582;249;669;230917;78,153;11,431;0,503;4,786
ID77934;77934;171;11,086;290,55;289,25;0;190800;318;7;1;132,724;9,598;560,305;7,196;None;None;None;None;None;None;-10921639;560,305;577;283;684;231406;79,268;11,428;0,493;4,669
ID78214;78214;171;11,021;289,9;289,9;0;191400;319;7;1;129,494;11,206;553,961;7,203;None;None;None;None;None;None;-10921639;553,961;582;215;671;228786;90,786;11,425;0,49;4,014
ID78778;78778;171;10,969;290,55;289,25;0;192000;320;7;1;130,446;10,966;554,625;7,276;None;None;None;None;None;None;-10921639;554,625;584;203;690;229060;90,59;11,428;0,492;4,036
ID79062;79062;171;11,091;290,55;287,95;0;192600;321;7;1;131,3;9,191;556,298;6,421;None;None;None;None;None;None;-10921639;556,298;584;227;684;229751;90,518;11,418;0,489;4,036
ID78498;78498;171;11,226;289,9;288,6;0;193200;322;7;1;135,608;9,867;566,504;6,874;None;None;None;None;None;None;-10921639;566,504;589;269;703;233966;82,923;11,407;0,486;4,471
ID79336;79336;171;11,032;289,9;287,95;0;193800;323;7;1;130,787;11,346;559,542;7,073;None;None;None;None;None;None;-10921639;559,542;589;183;680;231091;92,452;11,404;0,476;3,906
ID79617;79617;171;11,148;289,9;287,3;0;194400;324;7;1;135,639;9,54;567,116;6,818;None;None;None;None;None;None;-10921639;567,116;595;190;710;234219;96,942;11,4;0,466;3,721
ID79899;79899;171;11,065;290,55;287,95;0;195000;325;7;1;130,971;10,511;558,366;7,692;None;None;None;None;None;None;-10921639;558,366;584;264;682;230605;88,284;11,396;0,473;4,061
ID80181;80181;171;11,546;289,9;287,3;0;195600;326;7;1;133,169;9,814;556,114;7,012;None;None;None;None;None;None;-10921639;556,114;584;168;708;229675;108,682;11,358;0,494;3,386
ID80461;80461;171;11,88;289,9;289,25;0;196200;327;7;1;133,872;10,475;563,148;6,855;None;None;None;None;None;None;-10921639;563,148;591;215;699;232580;98,81;11,372;0,514;3,869
ID80746;80746;171;11,928;289,9;289,25;0;196800;328;7;1;135,872;9,545;562,407;7,128;None;None;None;None;None;None;-10921639;562,407;595;143;714;232274;109,465;11,378;0,515;3,493
ID81030;81030;171;11,734;289,9;289,25;0;197400;329;7;1;132,409;9,891;557,153;6,707;None;None;None;None;None;None;-10921639;557,153;586;168;717;230104;106,306;11,37;0,507;3,527
ID81616;81616;171;12,136;289,9;289,25;0;198000;330;7;1;138,763;9,811;568,441;6,777;None;None;None;None;None;None;-10921639;568,441;593;190;735;234766;108,585;11,367;0,514;3,553
ID81320;81320;171;12,556;290,55;288,6;0;198600;331;7;1;139,661;10,136;572,923;6,799;None;None;None;None;None;None;-10921639;572,923;599;203;740;236617;111,774;11,362;0,537;3,58
ID81907;81907;171;12,506;289,9;289,25;0;199200;332;7;1;141,661;9,588;575,838;6,574;None;None;None;None;None;None;-10921639;575,838;606;160;742;237821;108,162;11,37;0,537;3,721
ID82200;82200;171;12,529;290,55;290,55;0;199800;333;7;1;141,245;10,252;577,983;6,91;None;None;None;None;None;None;-10921639;577,983;602;190;740;238707;103,545;11,393;0,54;3,916
ID82491;82491;171;12,518;291,2;290,55;0;200400;334;7;1;142,378;10,906;580,593;6,736;None;None;None;None;None;None;-10921639;580,593;595;197;761;239785;100,184;11,397;0,539;4,06
ID82779;82779;171;12,311;291,2;290,55;0;201000;335;7;1;140,538;10,368;577,852;7,927;None;None;None;None;None;None;-10921639;577,852;591;190;746;238653;97,97;11,406;0,531;4,089
ID83075;83075;171;12,157;291,85;291,85;0;201600;336;7;1;137,857;10,395;573,315;6,91;None;None;None;None;None;None;-10921639;573,315;589;244;746;236779;93,685;11,409;0,525;4,211
ID83368;83368;171;12,338;291,2;292,5;0;202200;337;7;1;137,448;9,862;571,203;7,462;None;None;None;None;None;None;-10921639;571,203;582;233;747;235907;94,977;11,403;0,541;4,221
ID83961;83961;171;12,512;291,2;293,15;0;202800;338;7;1;136,354;9,937;567,358;7,208;None;None;None;None;None;None;-10921639;567,358;586;209;730;234319;100,926;11,386;0,551;3,995
ID83661;83661;171;12,175;291,2;293,8;0;203400;339;7;1;139,169;9,097;569,363;9,547;None;None;None;None;None;None;-10921639;569,363;584;249;742;235147;95,399;15,067;0,544;4,203
ID84558;84558;171;12,451;290,55;291,85;0;204000;340;7;1;142,094;10,286;580,525;7,964;None;None;None;None;None;None;-10921639;580,525;604;203;737;239757;99,904;11,402;0,546;4,106
ID84855;84855;171;12,441;290,55;291,85;0;204600;341;7;1;145,608;10,47;588,148;7,448;None;None;None;None;None;None;-10921639;588,148;608;238;740;242905;98,349;11,411;0,538;4,182
ID84253;84253;171;12,263;291,2;293,8;0;205200;342;7;1;148,935;11,099;595,511;7,104;None;None;None;None;None;None;-10921639;595,511;616;264;732;245946;94,342;15,152;0,528;4,361
ID85152;85152;171;12,503;291,2;293,8;0;205800;343;7;1;147,835;10,487;593,78;6,717;None;None;None;None;None;None;-10921639;593,78;621;292;726;245231;87,073;15,161;0,548;4,826
ID86028;86028;171;12,821;291,85;293,8;0;206400;344;7;1;154,521;10,6;605,303;7,087;None;None;None;None;None;None;-10921639;605,303;629;259;728;249990;91,884;15,142;0,545;4,65
ID85447;85447;171;13,442;292,5;294,45;0;207000;345;7;1;155,961;11,366;612,312;7,857;None;None;None;None;None;None;-10921639;612,312;633;305;749;252885;92,371;15,18;0,571;4,819
ID85739;85739;171;12,951;292,5;294,45;0;207600;346;7;1;153,695;10,499;604,208;6,753;None;None;None;None;None;None;-10921639;604,208;625;341;740;249538;83,975;15,135;0,556;5,142
ID86325;86325;171;13,329;291,85;293,8;0;208200;347;7;1;157,441;10,685;613,346;7,908;None;None;None;None;None;None;-10921639;613,346;637;305;742;253312;90,012;15,089;0,565;4,919
ID86918;86918;171;13,259;293,15;294,45;0;208800;348;7;1;156,419;10,985;613,266;7,99;None;None;None;None;None;None;-10921639;613,266;631;317;747;253279;90,673;15,131;0,557;4,837
ID87212;87212;171;13,115;292,5;295,1;0;209400;349;7;1;157,138;9,133;611,308;7,414;None;None;None;None;None;None;-10921639;611,308;633;321;759;252470;87,304;15,053;0,552;4,982
ID87505;87505;171;13,049;293,15;295,75;0;210000;350;7;1;154,518;9,433;606,034;8,153;None;None;None;None;None;None;-10921639;606,034;631;329;717;250292;84,435;15,066;0,566;5,188
ID86628;86628;171;13,249;293,8;295,75;0;210600;351;7;1;157,332;10,005;612,741;7,341;None;None;None;None;None;None;-10921639;612,741;633;325;756;253062;83,676;15,099;0,565;5,288
ID87802;87802;171;13,261;293,15;295,75;0;211200;352;7;1;154,613;9,225;605,213;7,508;None;None;None;None;None;None;-10921639;605,213;627;313;754;249953;89,11;15,044;0,565;4,904
ID88688;88688;171;13,762;293,8;295,75;0;211800;353;7;1;160,375;9,799;618,082;7,223;None;None;None;None;None;None;-10921639;618,082;637;292;794;255268;97,727;11,399;0,578;4,633
ID88095;88095;171;13,256;293,8;295,75;0;212400;354;7;1;152,966;9,14;603,029;7;None;None;None;None;None;None;-10921639;603,029;625;325;749;249051;89,179;11,422;0,574;4,931
ID88391;88391;171;12,967;293,8;296,4;0;213000;355;7;1;150,93;9,165;595,395;8,722;None;None;None;None;None;None;-10921639;595,395;614;264;764;245898;93,921;11,402;0,554;4,52
ID89288;89288;171;13,139;293,15;295,1;0;213600;356;7;1;158,649;9,039;610,15;10,349;None;None;None;None;None;None;-10921639;610,15;631;183;776;251992;107,735;11,395;0,531;3,928
ID88988;88988;171;13,144;292,5;295,1;0;214200;357;7;1;151,288;10,671;598,605;11,981;None;None;None;None;None;None;-10921639;598,605;616;209;780;247224;107,258;11,399;0,549;3,958
ID89889;89889;171;13,118;291,2;295,1;0;214800;358;7;1;153,274;10,201;600,91;10,755;None;None;None;None;None;None;-10921639;600,91;621;209;761;248176;105,412;11,39;0,543;4,014
ID89588;89588;171;12,288;291,85;295,1;0;215400;359;7;1;156,642;9,828;613,017;16,499;None;None;None;None;None;None;-10921639;613,017;627;274;740;253176;81,385;15,212;0,491;4,961
ID90192;90192;171;12,397;292,5;295,75;0;216000;360;7;1;168,174;15,053;642,271;38,215;None;None;None;None;None;None;-10921639;642,271;651;341;778;265258;77,335;15,312;0,473;5,335
ID90499;90499;171;13,284;292,5;295,75;0;216600;361;7;1;179,329;14,179;665,545;35,492;None;None;None;None;None;None;-10921639;665,545;680;363;804;274870;78,383;15,328;0,507;5,717
ID90808;90808;171;13,629;293,15;295,75;0;217200;362;7;1;176,85;12,416;650,077;39,748;None;None;None;None;None;None;-10921639;650,077;675;259;812;268482;96,39;15,198;0,528;4,658
ID91114;91114;171;13,849;292,5;296,4;0;217800;363;7;1;180,797;13,993;661,596;39,211;None;None;None;None;None;None;-10921639;661,596;680;309;807;273239;95,177;15,216;0,524;4,782
ID91732;91732;171;13,283;293,15;297,7;0;218400;364;7;1;167,165;11,952;635,465;30,685;None;None;None;None;None;None;-10921639;635,465;649;363;791;262447;85,737;15,216;0,53;5,134
ID91417;91417;171;13,196;292,5;297,05;0;219000;365;7;1;173,455;13,019;648,276;23,3;None;None;None;None;None;None;-10921639;648,276;661;373;778;267738;77,646;15,218;0,524;5,741
ID92345;92345;171;12,561;292,5;299,65;0;219600;366;7;1;166,458;11,605;634,61;15,884;None;None;None;None;None;None;-10921639;634,61;651;380;759;262094;72,117;15,19;0,512;5,96
ID92037;92037;171;12,733;291,2;299;0;220200;367;7;1;165,567;11,586;630,709;19,111;None;None;None;None;None;None;-10921639;630,709;643;274;789;260483;87,58;15,187;0,509;4,861
ID92655;92655;171;13,261;289,9;299,65;0;220800;368;7;1;171,84;11,395;637,91;19,344;None;None;None;None;None;None;-10921639;637,91;657;264;804;263457;99,014;11,404;0,514;4,376
ID92964;92964;171;13,127;290,55;300,3;0;221400;369;7;1;167,375;11,288;629,538;19,949;None;None;None;None;None;None;-10921639;629,538;641;292;801;259999;94,505;11,411;0,52;4,558
ID93274;93274;171;13,104;289,9;300,95;0;222000;370;7;1;165,768;11,136;627,627;16,034;None;None;None;None;None;None;-10921639;627,627;643;296;784;259210;93,984;11,412;0,52;4,569
ID93577;93577;171;12,993;289,9;301,6;0;222600;371;7;1;171,228;12,956;642,504;15,308;None;None;None;None;None;None;-10921639;642,504;659;363;791;265354;88,225;11,423;0,503;4,875
ID94484;94484;171;12,754;289,9;302,25;0;223200;372;7;1;165,724;12,085;630,08;15,179;None;None;None;None;None;None;-10921639;630,08;641;337;771;260223;79,006;15,206;0,516;5,426
ID94179;94179;171;12,965;288,6;302,25;0;223800;373;7;1;174,061;10,835;645,62;18,634;None;None;None;None;None;None;-10921639;645,62;659;313;817;266641;99,364;15,155;0,487;4,259
ID93880;93880;171;12,736;288,6;302,25;0;224400;374;7;1;172,24;12,513;646,126;21,138;None;None;None;None;None;None;-10921639;646,126;657;348;796;266850;87,672;15,174;0,488;4,832
ID94786;94786;171;12,472;288,6;302,25;0;225000;375;7;1;177,777;11,487;654,884;24,952;None;None;None;None;None;None;-10921639;654,884;669;329;796;270467;87,375;15,237;0,463;4,741
ID95094;95094;171;12,02;288,6;302,25;0;225600;376;7;1;169,588;12,395;638,533;22,116;None;None;None;None;None;None;-10921639;638,533;649;384;784;263714;77,542;15,18;0,474;5,298
ID95405;95405;171;12,219;289,25;302,9;0;226200;377;7;1;165,661;10,123;629,116;15,613;None;None;None;None;None;None;-10921639;629,116;649;373;730;259825;72,018;15,254;0,493;5,772
ID95717;95717;171;11,973;289,25;304,2;0;226800;378;7;1;163,722;10,366;626,017;16,172;None;None;None;None;None;None;-10921639;626,017;641;321;766;258545;77,795;15,192;0,482;5,236
ID96955;96955;171;12,298;289,25;303,55;0;227400;379;7;1;169,027;10,153;635,46;15,564;None;None;None;None;None;None;-10921639;635,46;649;321;768;262445;77,489;15,282;0,495;5,432
ID96032;96032;171;12,196;289,25;302,9;0;228000;380;7;1;174,92;11,182;645,864;14,855;None;None;None;None;None;None;-10921639;645,864;661;366;775;266742;74,872;15,223;0,474;5,546
ID96342;96342;171;12,585;288,6;304,2;0;228600;381;7;1;175,327;11,293;645,964;15,545;None;None;None;None;None;None;-10921639;645,964;667;325;778;266783;85,943;15,21;0,497;4,989
ID96652;96652;171;12,669;289,25;303,55;0;229200;382;7;1;173,387;10,07;641,743;14,145;None;None;None;None;None;None;-10921639;641,743;659;337;806;265040;87,407;15,215;0,493;4,847
ID97271;97271;171;12,554;288,6;304,85;0;229800;383;7;1;170,983;10,291;641,494;11,458;None;None;None;None;None;None;-10921639;641,494;661;366;773;264937;79,543;15,271;0,498;5,362
ID97588;97588;171;12,863;287,95;304,85;0;230400;384;7;1;177,913;10,45;651,232;11,46;None;None;None;None;None;None;-10921639;651,232;671;370;778;268959;81,404;15,213;0,504;5,364
ID98225;98225;171;12,671;287,95;305,5;0;231000;385;7;1;168,77;9,811;633,516;8,579;None;None;None;None;None;None;-10921639;633,516;659;329;771;261642;88,044;15,238;0,506;4,837
ID97906;97906;171;12,976;288,6;304,2;0;231600;386;7;1;170,768;9,082;635,651;8,107;None;None;None;None;None;None;-10921639;635,651;657;329;788;262524;88,237;15,201;0,518;4,913
ID98855;98855;171;12,881;289,25;303,55;0;232200;387;7;1;169,329;10,053;634,254;7,528;None;None;None;None;None;None;-10921639;634,254;657;301;814;261947;97,033;15,136;0,501;4,362
ID98540;98540;171;13,019;289,25;304,2;0;232800;388;7;1;173,16;10,402;641,031;8,191;None;None;None;None;None;None;-10921639;641,031;663;359;784;264746;89,911;15,222;0,513;4,833
ID99175;99175;171;13,202;289,25;304,2;0;233400;389;7;1;167,182;9,76;629,252;7,424;None;None;None;None;None;None;-10921639;629,252;647;269;794;259881;98,999;15,074;0,529;4,398
ID99502;99502;171;13,242;289,9;304,2;0;234000;390;7;1;168,041;10,119;635,487;8,678;None;None;None;None;None;None;-10921639;635,487;661;278;778;262456;100,068;15,089;0,524;4,367
ID99821;99821;171;13,588;290,55;304,2;0;234600;391;7;1;170,354;11,109;638,172;9,15;None;None;None;None;None;None;-10921639;638,172;657;269;794;263565;102,693;15,086;0,537;4,344
ID100148;100148;171;13,403;289,9;304,85;0;235200;392;7;1;169,889;9,867;640,576;8,613;None;None;None;None;None;None;-10921639;640,576;657;254;784;264558;92,52;15,22;0,534;4,819
ID100464;100464;171;13,194;290,55;304,2;0;235800;393;7;1;167,576;8,571;633,38;7,918;None;None;None;None;None;None;-10921639;633,38;645;238;776;261586;88,428;15,255;0,533;4,981
ID101087;101087;171;13,462;290,55;304,2;0;236400;394;7;1;172,939;10,717;646,283;7,785;None;None;None;None;None;None;-10921639;646,283;659;264;796;266915;91,462;15,268;0,534;4,922
ID101398;101398;171;13,121;290,55;304,85;0;237000;395;7;1;168,738;9,927;636,826;8,116;None;None;None;None;None;None;-10921639;636,826;653;264;776;263009;91,114;15,252;0,525;4,812
ID100780;100780;171;13,168;291,2;304,2;0;237600;396;7;1;172,632;9,308;645,344;8,472;None;None;None;None;None;None;-10921639;645,344;661;305;776;266527;83,927;15,225;0,524;5,287
ID101705;101705;171;13,271;291,2;303,55;0;238200;397;7;1;176,385;9,138;650,63;7,843;None;None;None;None;None;None;-10921639;650,63;669;348;796;268710;83,401;15,191;0,52;5,338
ID102018;102018;171;13,036;291,2;304,2;0;238800;398;7;1;170,92;10,005;640,153;7,334;None;None;None;None;None;None;-10921639;640,153;659;337;764;264383;81,323;15,198;0,523;5,409
ID102327;102327;171;13,446;290,55;302,9;0;239400;399;7;1;172,869;10,017;643,172;7,499;None;None;None;None;None;None;-10921639;643,172;659;287;798;265630;87,884;15,199;0,534;5,098
ID102642;102642;171;13,475;290,55;302,9;0;240000;400;7;1;172,053;10,712;645,414;7,709;None;None;None;None;None;None;-10921639;645,414;665;301;783;266556;89,452;15,138;0,538;5,049
ID102955;102955;171;13,699;291,2;302,9;0;240600;401;7;1;172,09;9,591;641,731;7,833;None;None;None;None;None;None;-10921639;641,731;665;301;801;265035;97,9;15,111;0,55;4,653
ID103269;103269;171;13,756;291,2;302,25;0;241200;402;7;1;176,906;10,847;647,581;7,308;None;None;None;None;None;None;-10921639;647,581;667;215;809;267451;101,972;15,079;0,532;4,413
ID104231;104231;171;13,921;291,2;300,95;0;241800;403;7;1;178,574;9,465;652,7;6,552;None;None;None;None;None;None;-10921639;652,7;675;233;818;269565;105,447;11,397;0,537;4,326
ID103584;103584;171;13,361;292,5;302,25;0;242400;404;7;1;168,136;9,259;631,714;8,228;None;None;None;None;None;None;-10921639;631,714;653;274;775;260898;101,296;11,394;0,53;4,32
ID103912;103912;171;13,629;292,5;301,6;0;243000;405;7;1;175,477;11,036;649,242;7,884;None;None;None;None;None;None;-10921639;649,242;671;325;815;268137;103,951;11,396;0,529;4,321
ID104557;104557;171;14,027;292,5;300,95;0;243600;406;7;1;176,097;9,847;647,182;7,416;None;None;None;None;None;None;-10921639;647,182;678;249;798;267286;105,945;11,389;0,55;4,336
ID105206;105206;171;14,071;293,15;300,3;0;244200;407;7;1;170,092;9,993;632,879;8,525;None;None;None;None;None;None;-10921639;632,879;661;221;810;261379;123,107;11,34;0,549;3,643
ID104884;104884;171;13,809;293,8;300,95;0;244800;408;7;1;166,312;9,538;628,354;8,324;None;None;None;None;None;None;-10921639;628,354;659;259;776;259510;116,642;11,357;0,555;3,846
ID105528;105528;171;13,555;293,8;300,95;0;245400;409;7;1;168,041;10,148;633,475;7,705;None;None;None;None;None;None;-10921639;633,475;657;309;768;261625;101,144;11,384;0,541;4,4
ID105856;105856;171;13,876;294,45;301,6;0;246000;410;7;1;168,206;9,605;630,361;8,201;None;None;None;None;None;None;-10921639;630,361;663;249;773;260339;113,738;11,375;0,562;3,989
ID106175;106175;171;13,74;294,45;300,95;0;246600;411;7;1;171,092;10,567;639,271;6,797;None;None;None;None;None;None;-10921639;639,271;676;259;776;264019;114,536;11,363;0,534;3,888
ID106828;106828;171;14,254;294,45;300,3;0;247200;412;7;1;175,172;10,441;646,76;7,031;None;None;None;None;None;None;-10921639;646,76;676;301;798;267112;118,125;11,344;0,544;3,859
ID106503;106503;171;14,349;294,45;301,6;0;247800;413;7;1;173,726;9,627;639,683;8,019;None;None;None;None;None;None;-10921639;639,683;678;233;817;264189;128,309;11,331;0,562;3,588
ID107484;107484;171;14,805;294,45;300,3;0;248400;414;7;1;176,785;10,392;646,358;8,889;None;None;None;None;None;None;-10921639;646,358;692;259;823;266946;138,704;11,312;0,568;3,375
ID107159;107159;171;14,9;293,8;300,3;0;249000;415;7;1;180,705;10,973;655,545;7,68;None;None;None;None;None;None;-10921639;655,545;690;313;829;270740;124,57;11,344;0,574;3,837
ID107815;107815;171;14,851;294,45;300,3;0;249600;416;7;1;186,479;10,211;667,157;6,683;None;None;None;None;None;None;-10921639;667,157;705;259;822;275536;125,411;11,357;0,563;3,833
ID108141;108141;171;14,654;294,45;301,6;0;250200;417;7;1;180,932;9,523;655,015;8,015;None;None;None;None;None;None;-10921639;655,015;690;278;823;270521;120,086;11,355;0,565;3,939
ID108470;108470;171;14,145;294,45;301,6;0;250800;418;7;1;179,746;10,562;653,954;7,501;None;None;None;None;None;None;-10921639;653,954;692;305;804;270083;117,277;11,36;0,534;3,883
ID108791;108791;171;14,612;294,45;300,3;0;251400;419;7;1;184,86;11,683;663,976;8,492;None;None;None;None;None;None;-10921639;663,976;693;309;837;274222;123,383;11,336;0,539;3,77
ID109439;109439;171;14,535;294,45;300,95;0;252000;420;7;1;180,971;10,005;655,521;9,487;None;None;None;None;None;None;-10921639;655,521;690;321;836;270730;124,856;11,329;0,545;3,705
ID109115;109115;171;14,421;294,45;300,3;0;252600;421;7;1;181,269;10,765;656,189;9,063;None;None;None;None;None;None;-10921639;656,189;692;274;823;271006;123,454;11,346;0,546;3,752
ID109760;109760;171;14,442;295,1;300,95;0;253200;422;7;1;181,881;10,242;658,3;8,429;None;None;None;None;None;None;-10921639;658,3;695;259;818;271878;125,2;11,343;0,539;3,683
ID110089;110089;171;14,397;295,1;300,95;0;253800;423;7;1;177,383;10,039;649,087;8,714;None;None;None;None;None;None;-10921639;649,087;684;249;832;268073;126,247;11,352;0,545;3,626
ID110421;110421;171;14,704;295,1;302,25;0;254400;424;7;1;187,913;10,797;669,755;8,816;None;None;None;None;None;None;-10921639;669,755;712;296;849;276609;124,861;11,357;0,543;3,774
ID110760;110760;171;14,58;295,75;302,9;0;255000;425;7;1;187,085;11,656;669,663;8,22;None;None;None;None;None;None;-10921639;669,663;703;317;836;276571;122,464;11,368;0,537;3,822
ID111440;111440;171;14,195;295,1;304,2;0;255600;426;7;1;190,763;11,557;678,262;9,31;None;None;None;None;None;None;-10921639;678,262;708;292;812;280122;103,095;11,397;0,523;4,519
ID111777;111777;171;14,099;295,75;304,2;0;256200;427;7;1;185,857;10,45;669,789;8,424;None;None;None;None;None;None;-10921639;669,789;701;359;799;276623;100,32;11,411;0,535;4,655
ID111100;111100;171;13,224;296,4;304,2;0;256800;428;7;1;181,077;10,794;661,511;7,939;None;None;None;None;None;None;-10921639;661,511;688;380;769;273204;83,156;15,167;0,509;5,365
ID112108;112108;171;13,155;295,75;304,2;0;257400;429;7;1;184,809;10,799;672,211;8,688;None;None;None;None;None;None;-10921639;672,211;690;434;801;277623;72,411;15,283;0,496;6,159
ID112447;112447;171;13,039;295,75;303,55;0;258000;430;7;1;189,356;11,494;679,08;9,157;None;None;None;None;None;None;-10921639;679,08;697;437;796;280460;74,076;15,239;0,48;5,949
ID112782;112782;171;13,336;295,75;303,55;0;258600;431;7;1;191,542;12,201;683,499;9,186;None;None;None;None;None;None;-10921639;683,499;701;460;826;282285;77,068;15,237;0,487;5,809
ID113122;113122;171;13,881;295,75;302,9;0;259200;432;7;1;206,4;12,69;709,579;10,293;None;None;None;None;None;None;-10921639;709,579;726;460;851;293056;81,029;15,214;0,489;5,75
ID113466;113466;171;13,791;295,75;304,2;0;259800;433;7;1;201,615;12,613;705,017;9,182;None;None;None;None;None;None;-10921639;705,017;721;449;840;291172;79,717;15,261;0,492;5,834
ID114479;114479;171;13,946;296,4;303,55;0;260400;434;7;1;198,38;11,712;696,08;8,857;None;None;None;None;None;None;-10921639;696,08;715;434;837;287481;81,657;15,206;0,51;5,756
ID114139;114139;171;14,12;295,75;302,25;0;261000;435;7;1;201,467;12,392;702,012;8,7;None;None;None;None;None;None;-10921639;702,012;723;413;842;289931;81,631;15,213;0,507;5,786
ID113804;113804;171;13,466;295,75;300,95;0;261600;436;7;1;193,312;12,455;689,644;10,574;None;None;None;None;None;None;-10921639;689,644;705;380;815;284823;81,242;15,328;0,485;5,548
ID114811;114811;171;13,278;296,4;300,95;0;262200;437;7;1;202,646;13,63;708,123;11,344;None;None;None;None;None;None;-10921639;708,123;724;495;834;292455;74,475;15,472;0,466;6,041
ID115149;115149;171;13,535;295,75;299;0;262800;438;7;1;205,625;18,516;720,012;17,688;None;None;None;None;None;None;-10921639;720,012;724;469;852;297365;76,993;15,584;0,465;5,932
ID115829;115829;171;14,305;294,45;298,35;0;263400;439;7;1;215,303;21,845;745,324;22,634;None;None;None;None;None;None;-10921639;745,324;747;480;892;307819;75,81;15,583;0,481;6,386
ID115491;115491;171;14,101;291,2;297,7;0;264000;440;7;1;217,429;20,39;743,465;21,395;None;None;None;None;None;None;-10921639;743,465;754;446;892;307051;81,099;15,458;0,475;5,903
ID116170;116170;171;13,85;289,9;298,35;0;264600;441;7;1;216,545;16,404;733,857;21,334;None;None;None;None;None;None;-10921639;733,857;754;460;878;303083;79,819;15,391;0,482;5,983
ID117188;117188;171;14,199;288,6;299;0;265200;442;7;1;216,971;14,484;734,528;19,169;None;None;None;None;None;None;-10921639;734,528;752;463;864;303360;79,09;15,243;0,496;6,155
ID116846;116846;171;14,114;287,3;300,3;0;265800;443;7;1;218,765;15,058;738,826;18,913;None;None;None;None;None;None;-10921639;738,826;759;446;842;305135;76,158;15,318;0,487;6,354
ID117533;117533;171;14,084;285,35;300,95;0;266400;444;7;1;218,38;13,903;734,441;17,458;None;None;None;None;None;None;-10921639;734,441;749;373;855;303324;87,234;15,371;0,485;5,498
ID116508;116508;171;14,396;285,35;301,6;0;267000;445;7;1;219,015;14,344;735,165;18,407;None;None;None;None;None;None;-10921639;735,165;756;446;866;303623;86,59;15,267;0,497;5,641
ID117875;117875;171;14,113;284,05;300,95;0;267600;446;7;1;219,056;13,685;737,78;16,927;None;None;None;None;None;None;-10921639;737,78;763;363;866;304703;90,376;15,34;0,479;5,289
ID118214;118214;171;14,232;284,05;301,6;0;268200;447;7;1;224,438;14,259;746,816;15,661;None;None;None;None;None;None;-10921639;746,816;778;480;854;308435;81,818;15,238;0,485;5,966
ID118893;118893;171;14,293;284,05;302,25;0;268800;448;7;1;217,588;13,525;731,608;15,092;None;None;None;None;None;None;-10921639;731,608;768;413;846;302154;85,026;15,244;0,497;5,712
ID118559;118559;171;14,184;283,4;300,3;0;269400;449;7;1;226,354;18,215;753,298;15,712;None;None;None;None;None;None;-10921639;753,298;776;477;863;311112;75,508;15,3;0,482;6,487
ID120232;120232;171;13,867;283,4;299;0;270000;450;7;1;223,707;17,351;753,436;17,358;None;None;None;None;None;None;-10921639;753,436;778;488;867;311169;78,394;15,329;0,465;6,104
ID119894;119894;171;13,658;282,75;297,05;0;270600;451;7;1;227,429;17,613;752,027;15,063;None;None;None;None;None;None;-10921639;752,027;784;416;861;310587;89,715;15,293;0,443;5,149
ID119557;119557;171;13,385;282,1;297,05;0;271200;452;7;1;227,182;17,545;752,879;13,412;None;None;None;None;None;None;-10921639;752,879;780;428;858;310939;93,369;15,12;0,415;4,729
ID119226;119226;171;13,471;281,45;297,05;0;271800;453;7;1;229,76;16,668;754,065;13,918;None;None;None;None;None;None;-10921639;754,065;781;437;870;311429;87,701;15,181;0,426;5,141
ID120571;120571;171;13,345;280,8;296,4;0;272400;454;7;1;223,433;18,421;750,494;13,414;None;None;None;None;None;None;-10921639;750,494;776;477;861;309954;82,164;15,249;0,43;5,496
ID121248;121248;171;13,009;280,15;296,4;0;273000;455;7;1;227,525;17,048;756,315;13,458;None;None;None;None;None;None;-10921639;756,315;778;477;861;312358;79,767;15,223;0,411;5,525
ID120906;120906;171;12,854;280,15;295,1;0;273600;456;7;1;220,494;16,893;738,308;13,552;None;None;None;None;None;None;-10921639;738,308;763;434;849;304921;83,679;15,209;0,423;5,244
ID121590;121590;171;13,403;280,15;295,1;0;274200;457;7;1;233,455;20,857;772,801;14,373;None;None;None;None;None;None;-10921639;772,801;801;521;875;319167;80,644;15,184;0,414;5,611
ID121932;121932;171;13,012;280,15;294,45;0;274800;458;7;1;218,453;20,91;743,186;15,363;None;None;None;None;None;None;-10921639;743,186;775;440;861;306936;85,778;15,195;0,424;5,158
ID122272;122272;171;13,586;280,8;293,8;0;275400;459;7;1;217,874;18,08;737,748;13,286;None;None;None;None;None;None;-10921639;737,748;783;377;849;304690;102,552;15,082;0,449;4,457
ID122619;122619;171;13,779;280,8;293,8;0;276000;460;7;1;215,276;17,538;733,54;13,644;None;None;None;None;None;None;-10921639;733,54;771;413;834;302952;92,345;15,111;0,464;5,032
ID122964;122964;171;14,572;281,45;294,45;0;276600;461;7;1;237,373;21,065;780,036;15,702;None;None;None;None;None;None;-10921639;780,036;807;463;895;322155;86,595;15,209;0,463;5,703
ID123316;123316;171;14,465;280,8;293,8;0;277200;462;7;1;233,213;19,128;768,22;13,542;None;None;None;None;None;None;-10921639;768,22;794;480;872;317275;78,946;15,219;0,473;6,251
ID123665;123665;171;14,665;280,8;293,15;0;277800;463;7;1;225,676;20,138;753,395;14,792;None;None;None;None;None;None;-10921639;753,395;788;387;867;311152;94,383;15,109;0,486;5,218
ID124014;124014;171;14,737;280,8;292,5;0;278400;464;7;1;226,104;21,407;759,012;14,77;None;None;None;None;None;None;-10921639;759,012;796;469;879;313472;95,268;15,187;0,485;5,201
ID124369;124369;171;14,432;280,15;293,15;0;279000;465;7;1;222,477;21,806;755,114;13,056;None;None;None;None;None;None;-10921639;755,114;788;434;860;311862;86,557;15,17;0,478;5,642
ID124736;124736;171;13,779;279,5;292,5;0;279600;466;7;1;200,005;17,62;708,605;12,76;None;None;None;None;None;None;-10921639;708,605;746;400;818;292654;98,022;15,09;0,48;4,689
ID125092;125092;171;12,243;280,15;293,8;0;280200;467;7;1;167,099;16,044;644,312;11,327;None;None;None;None;None;None;-10921639;644,312;682;333;754;266101;95,302;11,404;0,462;4,27
ID125444;125444;171;10,162;280,15;294,45;0;280800;468;7;1;122,557;17,017;552,603;10,467;None;None;None;None;None;None;-10921639;552,603;577;287;665;228225;82,592;11,394;0,428;4,013
ID127246;127246;171;6,661;280,15;297,05;0;281400;469;7;1;71,32;18,199;426,794;12,029;None;None;None;None;None;None;-10921639;426,794;431;176;559;176266;73,744;11,322;0,329;2,868
ID126898;126898;171;5,262;279,5;302,9;0;282000;470;7;1;48,702;27,722;388,617;16,012;None;None;None;None;None;None;-10921639;388,617;400;203;485;160499;66,156;26,6;0,244;2,307
ID125809;125809;171;5,618;279,5;303,55;0;282600;471;7;1;48,591;32,666;393,893;17,598;None;None;None;None;None;None;-10921639;393,893;403;209;498;162678;67,442;11,212;0,258;2,398
ID126167;126167;171;5,832;279,5;304,2;0;283200;472;7;1;52,143;32,361;406,753;16,712;None;None;None;None;None;None;-10921639;406,753;416;168;521;167989;74,171;11,208;0,258;2,251
ID126535;126535;171;5,686;279,5;304,85;0;283800;473;7;1;49,586;30,615;398,341;15,949;None;None;None;None;None;None;-10921639;398,341;403;183;521;164515;69,569;11,206;0,259;2,354
ID127971;127971;171;5,586;280,15;306,15;0;284400;474;7;1;47,344;32,525;397,794;15,119;None;None;None;None;None;None;-10921639;397,794;407;176;508;164289;66,348;11,247;0,258;2,46
ID127604;127604;171;5,853;280,8;306,8;0;285000;475;7;1;51,995;33,199;409,596;15,286;None;None;None;None;None;None;-10921639;409,596;410;221;550;169163;66,348;19,296;0,258;2,531
ID128333;128333;171;5,95;281,45;306,15;0;285600;476;7;1;53,121;34,547;416,923;14,915;None;None;None;None;None;None;-10921639;416,923;425;190;538;172189;65,786;19,201;0,267;2,67
ID128701;128701;171;5,608;281,45;304,85;0;286200;477;7;1;48,477;31,637;399,424;15,964;None;None;None;None;None;None;-10921639;399,424;407;203;533;164962;71,056;19,501;0,252;2,265
ID129063;129063;171;5,834;282,75;304,85;0;286800;478;7;1;50,668;33,983;410,266;14,915;None;None;None;None;None;None;-10921639;410,266;416;221;526;169440;68,32;19,265;0,263;2,5
ID129426;129426;171;6,31;282,1;304,85;0;287400;479;7;1;55,893;36,225;431,857;14,925;None;None;None;None;None;None;-10921639;431,857;431;259;575;178357;68,268;19,125;0,273;2,713
ID129794;129794;171;6,018;283,4;304,2;0;288000;480;7;1;51,862;36,366;417,061;14,024;None;None;None;None;None;None;-10921639;417,061;422;209;562;172246;76,226;11,219;0,256;2,233
ID130158;130158;171;6,194;284,05;304,85;0;288600;481;7;1;56,569;38;433,409;17,511;None;None;None;None;None;None;-10921639;433,409;437;197;568;178998;71,245;11,269;0,269;2,576
ID130526;130526;171;6,385;283,4;304,85;0;289200;482;7;1;57,479;37,901;445,896;15,37;None;None;None;None;None;None;-10921639;445,896;449;269;564;184155;66,532;11,279;0,271;2,857
ID130884;130884;171;6,131;284,05;306,15;0;289800;483;7;1;56,162;38,119;437,654;14,356;None;None;None;None;None;None;-10921639;437,654;437;249;577;180751;64,278;19,612;0,265;2,851
ID131248;131248;171;6,209;284,05;306,8;0;290400;484;7;1;54,906;37;427,489;14,247;None;None;None;None;None;None;-10921639;427,489;428;203;575;176553;75,202;11,238;0,261;2,351
ID131611;131611;171;6,013;284,05;307,45;0;291000;485;7;1;54,455;35,603;425,155;15,053;None;None;None;None;None;None;-10921639;425,155;434;227;548;175589;66,961;11,298;0,264;2,65
ID131977;131977;171;5,512;285,35;309,4;0;291600;486;7;1;48,569;32,259;405,295;14,162;None;None;None;None;None;None;-10921639;405,295;416;183;521;167387;63,206;11,307;0,253;2,589
ID132698;132698;171;5,366;284,05;309,4;0;292200;487;7;1;45,177;32,249;385,368;12,656;None;None;None;None;None;None;-10921639;385,368;397;190;501;159157;63,995;11,235;0,261;2,492
ID132335;132335;171;5,299;284,05;310,05;0;292800;488;7;1;45,685;30,6;376,78;13,84;None;None;None;None;None;None;-10921639;376,78;384;197;490;155610;62,323;11,318;0,263;2,519
ID133058;133058;171;5,068;282,75;311,35;0;293400;489;7;1;41,927;30,588;366,755;12,489;None;None;None;None;None;None;-10921639;366,755;373;176;495;151470;62,701;15,578;0,254;2,372
ID133420;133420;171;5,005;282,1;312,65;0;294000;490;7;1;43,734;27,676;368,015;12,269;None;None;None;None;None;None;-10921639;368,015;373;190;490;151990;63,219;18,394;0,245;2,292
ID133780;133780;171;5,501;284,05;313,3;0;294600;491;7;1;47,414;32,489;397,487;13,036;None;None;None;None;None;None;-10921639;397,487;403;168;526;164162;66,64;18,266;0,261;2,469
ID134145;134145;171;5,071;283,4;312,65;0;295200;492;7;1;41,738;29,838;370,651;11,446;None;None;None;None;None;None;-10921639;370,651;373;176;495;153079;64,243;11,225;0,25;2,308
ID134507;134507;171;5,021;282,75;313,3;0;295800;493;7;1;42,024;28,891;360,492;11,433;None;None;None;None;None;None;-10921639;360,492;366;168;485;148883;64,605;11,222;0,254;2,261
ID134866;134866;171;4,822;283,4;312,65;0;296400;494;7;1;42,09;28,441;361,257;13,235;None;None;None;None;None;None;-10921639;361,257;359;227;482;149199;57,057;11,223;0,24;2,454
ID135224;135224;171;4,836;284,05;313,3;0;297000;495;7;1;40,012;28,654;353,257;12,523;None;None;None;None;None;None;-10921639;353,257;359;197;485;145895;64,394;11,197;0,241;2,129
ID135582;135582;171;4,842;284,7;313,95;0;297600;496;7;1;40,099;29,15;356,937;14,225;None;None;None;None;None;None;-10921639;356,937;366;160;485;147415;69,189;11,21;0,236;1,971
ID135935;135935;171;4,362;284,7;313,3;0;298200;497;7;1;36,833;25,235;332,847;13,477;None;None;None;None;None;None;-10921639;332,847;348;134;469;137466;72,229;11,11;0,218;1,651
ID136293;136293;171;4,354;282,75;312,65;0;298800;498;7;1;37,252;28,162;341,782;12;None;None;None;None;None;None;-10921639;341,782;348;152;440;141156;62,093;11,15;0,219;1,979
ID136649;136649;171;4,267;282,75;312,65;0;299400;499;7;1;37,947;27,317;341,111;12,295;None;None;None;None;None;None;-10921639;341,111;359;134;440;140879;66,597;11,229;0,228;1,902
ID137367;137367;171;4,344;280,8;310,7;0;300000;500;7;1;38,961;28,416;349,271;11,874;None;None;None;None;None;None;-10921639;349,271;359;152;440;144249;61,917;11,246;0,219;2,023
ID137008;137008;171;4,173;280,8;312,65;0;300600;501;7;1;37,271;26,731;337,961;11,184;None;None;None;None;None;None;-10921639;337,961;356;160;443;139578;66,333;11,198;0,217;1,818
ID137727;137727;171;4,124;281,45;312;0;301200;502;7;1;35,896;26,487;332,806;10,557;None;None;None;None;None;None;-10921639;332,806;348;124;446;137449;66,07;11,227;0,218;1,806
ID138441;138441;171;4,372;280,15;311,35;0;301800;503;7;1;39,54;27,855;353,685;11,678;None;None;None;None;None;None;-10921639;353,685;366;176;455;146072;63,937;11,243;0,217;1,971
ID138085;138085;171;4,405;280,8;311,35;0;302400;504;7;1;38,91;27,78;346,857;10,685;None;None;None;None;None;None;-10921639;346,857;359;124;471;143252;67,446;11,254;0,226;1,897
ID138800;138800;171;4,259;278,85;312;0;303000;505;7;1;37,424;28,373;338,84;13,027;None;None;None;None;None;None;-10921639;338,84;352;124;437;139941;63,913;11,213;0,223;1,934
ID139160;139160;171;3,868;278,85;312;0;303600;506;7;1;35,315;29,002;337,194;11,833;None;None;None;None;None;None;-10921639;337,194;352;152;434;139261;60,293;11,188;0,196;1,83
ID140232;140232;171;3,617;278,85;313,3;0;304200;507;7;1;32,588;23,215;307,893;10,939;None;None;None;None;None;None;-10921639;307,893;325;113;428;127160;66,882;11,131;0,183;1,425
ID139521;139521;171;3,301;278,2;312;0;304800;508;7;1;33,62;25,475;320,211;11,937;None;None;None;None;None;None;-10921639;320,211;348;101;443;132247;75,127;8,496;0,148;1,099
ID139879;139879;171;2,832;278,2;312,65;0;305400;509;7;1;37,477;26,741;338,259;12,257;None;None;None;None;None;None;-10921639;338,259;352;124;573;139701;71,904;25,438;0,118;0,991
