Label;ID;TRACK_ID;QUALITY;POSITION_X;POSITION_Y;POSITION_Z;POSITION_T;FRAME;RADIUS;VISIBILITY;MEAN_INTENSITY01;MEAN_INTENSITY02;MEAN_INTENSITY03;MEAN_INTENSITY04;MEAN_INTENSITY05;MEAN_INTENSITY06;MEAN_INTENSITY07;MEAN_INTENSITY08;MEAN_INTENSITY09;MEAN_INTENSITY10;MANUAL_COLOR;MEAN_INTENSITY;MEDIAN_INTENSITY;MIN_INTENSITY;MAX_INTENSITY;TOTAL_INTENSITY;STANDARD_DEVIATION;ESTIMATED_DIAMETER;CONTRAST;SNR
ID1655454;1655454;214;25,164;60,45;633,1;0;0;0;7;1;262,639;15,479;1033,247;7,731;None;None;None;None;None;None;-10921639;1033,247;1099;311;1483;426731;273,467;11,296;0,617;2,883
ID1654261;1654261;214;25,511;61,1;635,7;0;600;1;7;1;265,165;15,005;1029,148;6,814;None;None;None;None;None;None;-10921639;1029,148;1087;281;1521;425038;296,106;11,25;0,612;2,64
ID1654502;1654502;214;24,402;61,75;636,35;0;1200;2;7;1;254,046;17,525;1016,467;7,755;None;None;None;None;None;None;-10921639;1016,467;1072;265;1453;419801;262,183;11,287;0,598;2,903
ID1654974;1654974;214;24,563;61,75;635,05;0;1800;3;7;1;249,625;15,094;1005,206;7,821;None;None;None;None;None;None;-10921639;1005,206;1077;281;1410;415150;263,341;11,294;0,615;2,907
ID1654739;1654739;214;23,973;61,1;638,95;0;2400;4;7;1;253,266;15,104;1021,605;7,952;None;None;None;None;None;None;-10921639;1021,605;1070;403;1351;421923;225,152;11,316;0,596;3,39
ID1655693;1655693;214;22,346;60,45;638,95;0;3000;5;7;1;237,138;14,387;990,339;6,429;None;None;None;None;None;None;-10921639;990,339;1068;357;1313;409010;205,704;11,339;0,578;3,527
ID1655220;1655220;214;22,861;59,8;640,25;0;3600;6;7;1;244,719;13,37;1002,157;7,007;None;None;None;None;None;None;-10921639;1002,157;1079;357;1324;413891;218,35;11,342;0,588;3,399
ID1654029;1654029;214;21,58;59,15;639,6;0;4200;7;7;1;234,697;13,518;983,569;7,218;None;None;None;None;None;None;-10921639;983,569;1050;369;1258;406214;197,5;11,375;0,573;3,627
ID1655934;1655934;214;22,015;59,15;639,6;0;4800;8;7;1;237,954;11,092;984,92;7,315;None;None;None;None;None;None;-10921639;984,92;1066;345;1261;406772;216,11;11,361;0,574;3,323
ID1657155;1657155;214;21,716;58,5;639,6;0;5400;9;7;1;232,201;14,416;978,748;7,944;None;None;None;None;None;None;-10921639;978,748;1041;304;1235;404223;197,67;11,37;0,571;3,6
ID1656662;1656662;214;21,298;58,5;639,6;0;6000;10;7;1;229,68;13,424;972,794;7,651;None;None;None;None;None;None;-10921639;972,794;1052;273;1197;401764;184,985;11,398;0,575;3,838
ID1656182;1656182;214;21,888;58,5;640,25;0;6600;11;7;1;238,506;13,375;992,131;6,344;None;None;None;None;None;None;-10921639;992,131;1064;345;1256;409750;191,701;11,375;0,57;3,758
ID1656423;1656423;214;22,757;58,5;639,6;0;7200;12;7;1;248,329;13,337;1005,683;7,492;None;None;None;None;None;None;-10921639;1005,683;1091;375;1238;415347;213,307;11,358;0,588;3,492
ID1656909;1656909;214;22,57;58,5;639,6;0;7800;13;7;1;244,724;11,196;999,094;7,184;None;None;None;None;None;None;-10921639;999,094;1087;351;1249;412626;210,032;11,365;0,591;3,536
ID1657401;1657401;214;21,596;59,15;640,25;0;8400;14;7;1;236,785;12,685;991,133;6,743;None;None;None;None;None;None;-10921639;991,133;1066;311;1270;409338;200,479;11,37;0,566;3,573
ID1657647;1657647;214;21,771;59,15;639,6;0;9000;15;7;1;240,303;12,995;996,201;6,775;None;None;None;None;None;None;-10921639;996,201;1072;363;1265;411431;199,259;11,375;0,57;3,629
ID1657892;1657892;214;22,869;59,15;639,6;0;9600;16;7;1;252,782;13,242;1023,228;6,787;None;None;None;None;None;None;-10921639;1023,228;1101;332;1304;422593;200,554;11,383;0,588;3,777
ID1659122;1659122;214;22,431;58,5;639,6;0;10200;17;7;1;247,472;14,201;1014,363;7,441;None;None;None;None;None;None;-10921639;1014,363;1083;409;1277;418932;191,631;11,387;0,579;3,884
ID1658136;1658136;214;23,108;57,85;639,6;0;10800;18;7;1;248,92;14,409;1013,99;8,16;None;None;None;None;None;None;-10921639;1013,99;1081;403;1364;418778;204,405;11,358;0,591;3,684
ID1658875;1658875;214;22,776;57,85;640,9;0;11400;19;7;1;243,717;16,174;1007,128;8,513;None;None;None;None;None;None;-10921639;1007,128;1083;345;1321;415944;216,065;11,343;0,579;3,417
ID1658384;1658384;214;23,499;58,5;640,25;0;12000;20;7;1;257,068;15,562;1031,898;7,426;None;None;None;None;None;None;-10921639;1031,898;1103;363;1351;426174;215,262;11,36;0,588;3,549
ID1658632;1658632;214;24,083;57,85;639,6;0;12600;21;7;1;261,036;15,08;1035,891;7,22;None;None;None;None;None;None;-10921639;1035,891;1103;332;1306;427823;214,399;11,366;0,604;3,639
ID1659366;1659366;214;23,895;57,85;641,55;0;13200;22;7;1;257,392;14,85;1031,709;7,14;None;None;None;None;None;None;-10921639;1031,709;1101;311;1296;426096;217,562;11,359;0,592;3,528
ID1659608;1659608;214;23,458;58,5;640,9;0;13800;23;7;1;259,116;14,443;1034,978;7,232;None;None;None;None;None;None;-10921639;1034,978;1105;357;1319;427446;204,199;11,365;0,589;3,759
ID1659857;1659857;214;23,902;59,15;640,9;0;14400;24;7;1;265,886;14,857;1047,298;7,407;None;None;None;None;None;None;-10921639;1047,298;1123;381;1321;432534;221,295;11,357;0,584;3,488
ID1660099;1660099;214;24,972;59,15;640,25;0;15000;25;7;1;274,087;14,184;1063,31;7,446;None;None;None;None;None;None;-10921639;1063,31;1132;332;1331;439147;229,596;11,372;0,609;3,507
ID1660839;1660839;214;23,484;59,15;639,6;0;15600;26;7;1;259,651;15,228;1034,692;7,736;None;None;None;None;None;None;-10921639;1034,692;1119;363;1319;427328;226,126;11,35;0,583;3,369
ID1661099;1661099;214;24,832;59,15;640,25;0;16200;27;7;1;278,475;14,697;1071,383;6,354;None;None;None;None;None;None;-10921639;1071,383;1161;375;1382;442481;235,218;11,348;0,606;3,438
ID1660595;1660595;214;24,232;59,15;639,6;0;16800;28;7;1;270,288;16,458;1059,295;7,077;None;None;None;None;None;None;-10921639;1059,295;1146;345;1311;437489;226,298;11,359;0,586;3,461
ID1660349;1660349;214;24,985;58,5;640,25;0;17400;29;7;1;280,344;15,523;1072,605;8,07;None;None;None;None;None;None;-10921639;1072,605;1161;351;1433;442986;251,567;11,334;0,595;3,182
ID1661346;1661346;214;24,119;58,5;639,6;0;18000;30;7;1;274,685;13,69;1066,564;6,567;None;None;None;None;None;None;-10921639;1066,564;1148;369;1331;440491;219,304;11,372;0,592;3,619
ID1661842;1661842;214;25,741;58,5;639,6;0;18600;31;7;1;289,136;14,605;1090,857;6,656;None;None;None;None;None;None;-10921639;1090,857;1163;375;1449;450524;242,609;11,358;0,614;3,421
ID1661598;1661598;214;24,632;57,85;639,6;0;19200;32;7;1;278,363;14,295;1066,942;7,383;None;None;None;None;None;None;-10921639;1066,942;1154;311;1486;440647;260,604;11,33;0,587;3,027
ID1662096;1662096;214;24,518;58,5;640,25;0;19800;33;7;1;279,24;15,179;1074,47;7,087;None;None;None;None;None;None;-10921639;1074,47;1157;363;1413;443756;241,241;11,361;0,584;3,285
ID1662350;1662350;214;24,823;57,85;639,6;0;20400;34;7;1;280,317;13,571;1071,852;6,944;None;None;None;None;None;None;-10921639;1071,852;1148;375;1455;442675;248,818;11,354;0,594;3,211
ID1662858;1662858;214;24,541;58,5;640,9;0;21000;35;7;1;281,094;13,482;1069,324;7,31;None;None;None;None;None;None;-10921639;1069,324;1152;332;1453;441631;250,456;11,362;0,592;3,175
ID1662600;1662600;214;24,949;57,85;642,2;0;21600;36;7;1;284,789;13,324;1078,765;7,303;None;None;None;None;None;None;-10921639;1078,765;1159;297;1435;445530;245,077;11,361;0,592;3,275
ID1663112;1663112;214;25,269;58,5;641,55;0;22200;37;7;1;289,995;13,93;1087,412;7,252;None;None;None;None;None;None;-10921639;1087,412;1165;318;1462;449101;255,073;11,365;0,594;3,179
ID1663359;1663359;214;24,972;58,5;641,55;0;22800;38;7;1;285,015;13,492;1077,983;7,579;None;None;None;None;None;None;-10921639;1077,983;1163;351;1439;445207;256,964;11,342;0,585;3,097
ID1663608;1663608;214;24,673;57,85;640,9;0;23400;39;7;1;287,877;13,765;1087,223;7,472;None;None;None;None;None;None;-10921639;1087,223;1182;369;1455;449023;246,25;11,356;0,581;3,246
ID1664103;1664103;214;24,955;57,85;641,55;0;24000;40;7;1;289,453;13,433;1086,872;7,361;None;None;None;None;None;None;-10921639;1086,872;1176;338;1436;448878;253,686;11,348;0,585;3,162
ID1663856;1663856;214;26,29;57,85;642,2;0;24600;41;7;1;306,809;14,901;1127,218;8,08;None;None;None;None;None;None;-10921639;1127,218;1213;387;1493;465541;252,679;11,344;0,601;3,35
ID1664352;1664352;214;26,798;57,2;642,85;0;25200;42;7;1;310,906;15,346;1127,23;7,753;None;None;None;None;None;None;-10921639;1127,23;1215;345;1502;465546;277,085;11,33;0,608;3,075
ID1664602;1664602;214;25,864;57,2;642,2;0;25800;43;7;1;297,787;14,378;1100,874;6,799;None;None;None;None;None;None;-10921639;1100,874;1191;311;1483;454661;271,278;11,348;0,611;3,079
ID1664852;1664852;214;26,906;57,2;642,85;0;26400;44;7;1;313,07;13,196;1123,496;7,521;None;None;None;None;None;None;-10921639;1123,496;1217;311;1502;464004;297,366;11,324;0,607;2,855
ID1665103;1665103;214;26,643;57,85;642,85;0;27000;45;7;1;317,019;13,179;1134,625;7,264;None;None;None;None;None;None;-10921639;1134,625;1244;304;1520;468600;286,884;11,324;0,601;2,969
ID1665352;1665352;214;26,49;57,85;642,85;0;27600;46;7;1;313,964;12,886;1129,46;7,31;None;None;None;None;None;None;-10921639;1129,46;1215;338;1533;466467;279,143;11,334;0,598;3,029
ID1665601;1665601;214;26,929;58,5;642,2;0;28200;47;7;1;318,056;13,01;1136,557;7,879;None;None;None;None;None;None;-10921639;1136,557;1237;369;1477;469398;288,085;11,339;0,602;2,966
ID1665849;1665849;214;26,754;59,15;642,85;0;28800;48;7;1;318,39;13,804;1140,363;7,046;None;None;None;None;None;None;-10921639;1140,363;1231;338;1514;470970;273,771;11,336;0,6;3,123
ID1666605;1666605;214;25,865;58,5;642,85;0;29400;49;7;1;307,881;11,833;1118,172;8,019;None;None;None;None;None;None;-10921639;1118,172;1215;304;1455;461805;261,732;11,358;0,594;3,183
ID1666105;1666105;214;26,712;57,85;642,85;0;30000;50;7;1;317,518;12,368;1132,564;7,395;None;None;None;None;None;None;-10921639;1132,564;1228;381;1517;467749;290,528;11,323;0,601;2,927
ID1666361;1666361;214;27,257;57,2;641,55;0;30600;51;7;1;325,4;12,913;1143,196;7,421;None;None;None;None;None;None;-10921639;1143,196;1240;387;1574;472140;306,548;11,308;0,607;2,817
ID1667110;1667110;214;28,082;57,2;642,2;0;31200;52;7;1;333,228;12,743;1160,462;6,349;None;None;None;None;None;None;-10921639;1160,462;1254;363;1564;479271;301,713;11,31;0,619;2,94
ID1666856;1666856;214;27,568;56,55;642,85;0;31800;53;7;1;329,048;13,269;1157,758;7,47;None;None;None;None;None;None;-10921639;1157,758;1254;332;1568;478154;292,15;11,315;0,604;2,984
ID1667356;1667356;214;29,018;57,2;641,55;0;32400;54;7;1;344,419;14,046;1180,496;7,148;None;None;None;None;None;None;-10921639;1180,496;1287;338;1609;487545;313,869;11,303;0,627;2,898
ID1667610;1667610;214;28,93;56,55;642,2;0;33000;55;7;1;352,613;13,114;1193,891;7,695;None;None;None;None;None;None;-10921639;1193,891;1294;265;1647;493077;315,107;11,317;0,62;2,901
ID1667857;1667857;214;29,533;57,2;640,25;0;33600;56;7;1;355,608;13,969;1200,208;8,695;None;None;None;None;None;None;-10921639;1200,208;1303;289;1713;495686;327,787;11,304;0,624;2,813
ID1668113;1668113;214;28,07;58,5;640,25;0;34200;57;7;1;342,027;14,792;1184,315;6,864;None;None;None;None;None;None;-10921639;1184,315;1277;363;1599;489122;283,026;11,345;0,609;3,167
ID1668865;1668865;214;28,46;57,85;641,55;0;34800;58;7;1;340,276;12,99;1177,436;7,462;None;None;None;None;None;None;-10921639;1177,436;1260;357;1621;486281;277,667;11,339;0,627;3,267
ID1668617;1668617;214;29,039;57,85;639,6;0;35400;59;7;1;361,404;14,557;1219,104;7,489;None;None;None;None;None;None;-10921639;1219,104;1284;414;1720;503490;275,577;11,345;0,622;3,394
ID1668364;1668364;214;28,857;59,15;640,25;0;36000;60;7;1;358,508;13,412;1215,341;7,605;None;None;None;None;None;None;-10921639;1215,341;1296;414;1600;501936;267,97;11,347;0,613;3,446
ID1669115;1669115;214;29,81;59,15;641,55;0;36600;61;7;1;367,375;13,973;1230,073;6,45;None;None;None;None;None;None;-10921639;1230,073;1311;403;1621;508020;278,735;11,34;0,634;3,424
ID1669364;1669364;214;29,58;59,15;639,6;0;37200;62;7;1;368,714;13,034;1222,809;6,915;None;None;None;None;None;None;-10921639;1222,809;1328;345;1648;505020;309,697;11,328;0,627;3,043
ID1669611;1669611;214;28,343;59,15;639,6;0;37800;63;7;1;352,109;13,349;1195,441;6,429;None;None;None;None;None;None;-10921639;1195,441;1314;338;1607;493717;309,721;11,321;0,603;2,903
ID1669859;1669859;214;28,541;59,8;640,25;0;38400;64;7;1;347,199;13,24;1179,666;6,801;None;None;None;None;None;None;-10921639;1179,666;1296;281;1620;487202;330,006;11,302;0,61;2,708
ID1670111;1670111;214;27,577;61,1;638,95;0;39000;65;7;1;346,646;12,915;1181,692;6,567;None;None;None;None;None;None;-10921639;1181,692;1304;273;1593;488039;320,776;11,324;0,596;2,75
ID1670362;1670362;214;28,6;58,5;638,95;0;39600;66;7;1;358,262;13,252;1196,22;7,157;None;None;None;None;None;None;-10921639;1196,22;1326;265;1659;494039;345,976;11,312;0,602;2,598
ID1670858;1670858;214;28,527;57,85;640,9;0;40200;67;7;1;357,053;12,642;1205,564;7,446;None;None;None;None;None;None;-10921639;1205,564;1314;297;1649;497898;304,468;11,337;0,611;3,003
ID1670608;1670608;214;29,481;56,55;640,9;0;40800;68;7;1;363,073;13,823;1204,818;7,24;None;None;None;None;None;None;-10921639;1204,818;1324;265;1720;497590;353,634;11,283;0,609;2,58
ID1671106;1671106;214;29,039;57,2;640,25;0;41400;69;7;1;364,097;14,559;1211,015;7,954;None;None;None;None;None;None;-10921639;1211,015;1336;265;1724;500149;348,377;11,289;0,598;2,601
ID1671361;1671361;214;28,616;57,2;640,9;0;42000;70;7;1;364,673;13,191;1196,424;6,407;None;None;None;None;None;None;-10921639;1196,424;1351;210;1735;494123;383,735;11,273;0,584;2,299
ID1671612;1671612;214;28,856;60,45;641,55;0;42600;71;7;1;369,337;12,501;1200,961;6,932;None;None;None;None;None;None;-10921639;1200,961;1364;162;1740;495997;406,265;11,266;0,591;2,195
ID1672873;1672873;214;28,446;62,4;640,25;0;43200;72;7;1;356,794;13,535;1183,697;6,93;None;None;None;None;None;None;-10921639;1183,697;1328;210;1636;488867;379,73;11,263;0,587;2,306
ID1672375;1672375;214;29,097;63,7;640,25;0;43800;73;7;1;359,308;11,755;1187,436;6,308;None;None;None;None;None;None;-10921639;1187,436;1329;162;1680;490411;383,947;11,25;0,592;2,301
ID1671868;1671868;214;28,974;64,35;640,25;0;44400;74;7;1;364,816;12,615;1197,663;8,111;None;None;None;None;None;None;-10921639;1197,663;1333;175;1663;494635;382,919;11,268;0,592;2,326
ID1673127;1673127;214;30,533;64,35;640,9;0;45000;75;7;1;394,753;12,581;1253,477;7,077;None;None;None;None;None;None;-10921639;1253,477;1401;210;1702;517686;380,189;11,289;0,611;2,501
ID1672119;1672119;214;32,006;66,3;640,25;0;45600;76;7;1;422,794;12,518;1282,426;7,988;None;None;None;None;None;None;-10921639;1282,426;1436;132;1851;529642;430,788;11,263;0,623;2,285
ID1672624;1672624;214;33,422;71,5;638,95;0;46200;77;7;1;443,76;13,404;1290,085;6,506;None;None;None;None;None;None;-10921639;1290,085;1459;148;1996;532805;508,695;11,198;0,623;1,947
ID1673378;1673378;214;34,665;69,55;638,3;0;46800;78;7;1;446,136;18,15;1312,397;6,38;None;None;None;None;None;None;-10921639;1312,397;1429;248;1991;542020;483,569;11,202;0,635;2,109
ID1673631;1673631;214;35,376;68,9;637;0;47400;79;7;1;448,625;15,69;1304,528;7,666;None;None;None;None;None;None;-10921639;1304,528;1416;175;2042;538770;505,161;11,205;0,656;2,047
ID1673880;1673880;214;35,252;70,2;638,3;0;48000;80;7;1;450,763;14,741;1310,458;7,199;None;None;None;None;None;None;-10921639;1310,458;1439;132;1999;541219;494,14;11,206;0,658;2,105
ID1674129;1674129;214;34,273;68,9;638,3;0;48600;81;7;1;439,024;14,462;1294,044;6,344;None;None;None;None;None;None;-10921639;1294,044;1404;187;1967;534440;485,216;11,199;0,639;2,079
ID1674378;1674378;214;33,84;70,85;640,25;0;49200;82;7;1;437,538;13,426;1298,087;7,235;None;None;None;None;None;None;-10921639;1298,087;1393;199;1960;536110;465,061;11,231;0,645;2,189
ID1674629;1674629;214;32,288;70,85;638,95;0;49800;83;7;1;428,087;13,01;1280,872;7,424;None;None;None;None;None;None;-10921639;1280,872;1410;239;1953;529000;462,406;11,234;0,619;2,118
ID1674883;1674883;214;35,403;72,8;642,2;0;50400;84;7;1;473,828;14,676;1332,061;6,785;None;None;None;None;None;None;-10921639;1332,061;1458;175;2156;550141;542,878;11,187;0,631;1,898
ID1675133;1675133;214;37,255;70,85;644,15;0;51000;85;7;1;485,07;14,889;1343,162;5,99;None;None;None;None;None;None;-10921639;1343,162;1464;132;2134;554726;557,776;11,183;0,673;1,938
ID1675381;1675381;214;35,732;68,25;646,75;0;51600;86;7;1;470,494;14,475;1351,768;7,07;None;None;None;None;None;None;-10921639;1351,768;1501;265;1988;558280;473,386;11,235;0,661;2,273
ID1675629;1675629;214;35,917;66,95;647,4;0;52200;87;7;1;482,615;14,278;1371,969;6,288;None;None;None;None;None;None;-10921639;1371,969;1543;281;1932;566623;465,992;11,245;0,663;2,349
ID1675878;1675878;214;36,698;65,65;647,4;0;52800;88;7;1;492,419;15,852;1385,169;7,937;None;None;None;None;None;None;-10921639;1385,169;1521;210;2014;572075;476,319;11,248;0,677;2,348
ID1676378;1676378;214;34,757;65,65;646,75;0;53400;89;7;1;469,453;15,094;1360,269;7,312;None;None;None;None;None;None;-10921639;1360,269;1528;281;1912;561791;443,185;11,267;0,655;2,43
ID1676129;1676129;214;36,229;66,3;646,75;0;54000;90;7;1;491,63;15,705;1382,576;6,579;None;None;None;None;None;None;-10921639;1382,576;1530;281;2029;571004;480,559;11,26;0,67;2,308
ID1676874;1676874;214;38,33;65,65;647,4;0;54600;91;7;1;521,317;14,547;1399,925;7,036;None;None;None;None;None;None;-10921639;1399,925;1547;148;2261;578169;557,223;11,199;0,673;2,022
ID1676628;1676628;214;40,5;65;646,75;0;55200;92;7;1;564,094;15,315;1439,155;6,688;None;None;None;None;None;None;-10921639;1439,155;1558;148;2285;594371;623,94;11,168;0,688;1,88
ID1677118;1677118;214;46,29;62,4;644,8;0;55800;93;7;1;649,182;18,196;1542,939;7,966;None;None;None;None;None;None;-10921639;1542,939;1638;220;2593;637234;680,269;11,142;0,735;1,922
ID1677372;1677372;214;45,889;61,1;644,8;0;56400;94;7;1;629,073;15,925;1543,102;6,995;None;None;None;None;None;None;-10921639;1543,102;1640;338;2529;637301;614,707;11,148;0,723;2,107
ID1677624;1677624;214;45,282;61,1;642,85;0;57000;95;7;1;616,632;14,174;1545,414;7,199;None;None;None;None;None;None;-10921639;1545,414;1648;381;2315;638256;550,129;11,178;0,74;2,39
ID1677887;1677887;214;47,83;61,1;644,8;0;57600;96;7;1;631,223;14,932;1535,513;7,387;None;None;None;None;None;None;-10921639;1535,513;1563;281;2502;634167;635,655;11,118;0,772;2,104
ID1678422;1678422;214;49,063;61,1;642,85;0;58200;97;7;1;655,513;15,581;1558,976;7,506;None;None;None;None;None;None;-10921639;1558,976;1595;387;2616;643857;665,885;11,098;0,767;2,033
ID1678158;1678158;214;47,77;61,75;642,85;0;58800;98;7;1;644,576;14,138;1562,564;8,291;None;None;None;None;None;None;-10921639;1562,564;1628;414;2496;645339;608,89;11,137;0,761;2,218
ID1678688;1678688;214;46,721;61,75;642,2;0;59400;99;7;1;632,777;13,741;1558,123;7,162;None;None;None;None;None;None;-10921639;1558,123;1638;430;2399;643505;575,57;11,159;0,755;2,329
ID1678954;1678954;214;45,901;61,75;643,5;0;60000;100;7;1;617,596;14,823;1539,763;7,184;None;None;None;None;None;None;-10921639;1539,763;1603;325;2387;635922;573;11,148;0,742;2,289
ID1679217;1679217;214;46,854;61,75;644,15;0;60600;101;7;1;635,145;14,378;1562,608;6,676;None;None;None;None;None;None;-10921639;1562,608;1617;420;2408;645357;572,478;11,164;0,758;2,354
ID1679476;1679476;214;46,094;60,45;642,2;0;61200;102;7;1;626,131;14,661;1556,247;7,09;None;None;None;None;None;None;-10921639;1556,247;1603;332;2390;642730;552,942;11,185;0,753;2,419
ID1679738;1679738;214;45,346;61,1;641,55;0;61800;103;7;1;631,138;15,971;1566,136;6,998;None;None;None;None;None;None;-10921639;1566,136;1640;281;2343;646814;545,743;11,183;0,727;2,416
ID1679999;1679999;214;44,761;61,1;641,55;0;62400;104;7;1;626,484;14,107;1565,591;7,613;None;None;None;None;None;None;-10921639;1565,591;1663;363;2351;646589;521,501;11,211;0,729;2,531
ID1680255;1680255;214;44,337;61,1;639,6;0;63000;105;7;1;604,373;13,436;1529,881;7,007;None;None;None;None;None;None;-10921639;1529,881;1618;199;2291;631841;531,129;11,201;0,737;2,444
ID1680514;1680514;214;44,837;61,1;640,9;0;63600;106;7;1;614,632;14,228;1543,271;7,182;None;None;None;None;None;None;-10921639;1543,271;1603;210;2406;637371;539,355;11,201;0,732;2,418
ID1680774;1680774;214;45,886;61,75;640,25;0;64200;107;7;1;634,545;16,324;1571,722;6,891;None;None;None;None;None;None;-10921639;1571,722;1626;297;2487;649121;552,224;11,195;0,734;2,409
ID1681043;1681043;214;45,047;61,1;640,9;0;64800;108;7;1;632,274;16,47;1569,683;7,419;None;None;None;None;None;None;-10921639;1569,683;1652;199;2370;648279;543,658;11,201;0,726;2,429
ID1681303;1681303;214;44,455;61,1;640,9;0;65400;109;7;1;619,76;15,341;1557,225;7,361;None;None;None;None;None;None;-10921639;1557,225;1626;332;2377;643134;523,445;11,209;0,725;2,5
ID1681835;1681835;214;43,244;60,45;640,9;0;66000;110;7;1;611,833;14,373;1548,429;8,22;None;None;None;None;None;None;-10921639;1548,429;1638;297;2334;639501;509,586;11,231;0,713;2,529
ID1681571;1681571;214;45,458;61,1;642,2;0;66600;111;7;1;642,632;15,077;1583,291;7,351;None;None;None;None;None;None;-10921639;1583,291;1668;289;2378;653899;540,421;11,208;0,732;2,476
ID1682105;1682105;214;44,961;60,45;641,55;0;67200;112;7;1;639,494;15,138;1578,753;7,448;None;None;None;None;None;None;-10921639;1578,753;1651;357;2370;652025;531,629;11,223;0,728;2,502
ID1682640;1682640;214;46,125;60,45;640,25;0;67800;113;7;1;655,194;15,847;1599,695;8,174;None;None;None;None;None;None;-10921639;1599,695;1656;414;2492;660674;546,471;11,206;0,734;2,478
ID1682372;1682372;214;45,757;61,1;640,25;0;68400;114;7;1;642,269;15,23;1575,78;7,029;None;None;None;None;None;None;-10921639;1575,78;1636;289;2469;650797;563,517;11,178;0,724;2,349
ID1682913;1682913;214;46,641;61,75;639,6;0;69000;115;7;1;665,564;15,412;1606,86;7,738;None;None;None;None;None;None;-10921639;1606,86;1669;381;2513;663633;564,119;11,184;0,726;2,396
ID1683186;1683186;214;45,494;62,4;638,95;0;69600;116;7;1;637,274;14,046;1578,228;7,15;None;None;None;None;None;None;-10921639;1578,228;1634;351;2464;651808;525,427;11,216;0,736;2,547
ID1683457;1683457;214;44,853;62,4;638,3;0;70200;117;7;1;638,419;15,443;1592,102;8,208;None;None;None;None;None;None;-10921639;1592,102;1641;522;2463;657538;491,954;11,238;0,724;2,719
ID1683726;1683726;214;47,129;63,05;638,95;0;70800;118;7;1;669,075;13,542;1612,041;7,838;None;None;None;None;None;None;-10921639;1612,041;1691;381;2519;665773;552,732;11,196;0,743;2,486
ID1683999;1683999;214;45,783;63,05;639,6;0;71400;119;7;1;663,351;12,719;1607,528;7,915;None;None;None;None;None;None;-10921639;1607,528;1695;265;2459;663909;545,762;11,196;0,71;2,445
ID1684275;1684275;214;47,157;63,05;639,6;0;72000;120;7;1;682,446;15,373;1636,707;7,308;None;None;None;None;None;None;-10921639;1636,707;1684;351;2476;675960;544,829;11,207;0,734;2,544
ID1684541;1684541;214;45,51;63,05;638,95;0;72600;121;7;1;646,765;12,697;1593,6;7,199;None;None;None;None;None;None;-10921639;1593,6;1676;345;2380;658157;516,705;11,214;0,733;2,608
ID1684812;1684812;214;46,091;63,05;638,95;0;73200;122;7;1;678,23;13,015;1638,099;7,259;None;None;None;None;None;None;-10921639;1638,099;1721;369;2374;676535;505,79;11,234;0,731;2,736
ID1685084;1685084;214;44,996;63,7;638,95;0;73800;123;7;1;657,995;12,692;1623,077;6,574;None;None;None;None;None;None;-10921639;1623,077;1698;375;2296;670331;466,804;11,262;0,728;2,93
ID1685350;1685350;214;46,465;63,05;638,3;0;74400;124;7;1;652,588;13,608;1597,123;7,554;None;None;None;None;None;None;-10921639;1597,123;1672;375;2409;659612;537,679;11,197;0,74;2,527
ID1685617;1685617;214;45,599;63,7;638,3;0;75000;125;7;1;660,37;14,564;1622,138;6,77;None;None;None;None;None;None;-10921639;1622,138;1702;575;2358;669943;491,013;11,247;0,733;2,796
ID1685882;1685882;214;43,969;63,7;637;0;75600;126;7;1;621,489;13,358;1569,4;7,24;None;None;None;None;None;None;-10921639;1569,4;1640;387;2350;648162;480,604;11,254;0,725;2,746
ID1686153;1686153;214;44,453;64,35;637;0;76200;127;7;1;651,63;11,651;1605,835;6,649;None;None;None;None;None;None;-10921639;1605,835;1684;289;2390;663210;483,193;11,264;0,721;2,785
ID1686699;1686699;214;42,578;64,35;637;0;76800;128;7;1;630,763;12,094;1593,138;6,944;None;None;None;None;None;None;-10921639;1593,138;1672;351;2183;657966;436,264;11,287;0,7;3,008
ID1686429;1686429;214;43,32;64,35;637;0;77400;129;7;1;640,898;13,475;1599,271;6,455;None;None;None;None;None;None;-10921639;1599,271;1681;369;2248;660499;473,533;11,269;0,701;2,783
ID1686971;1686971;214;42,303;65;636,35;0;78000;130;7;1;635,586;13,472;1591,683;7,264;None;None;None;None;None;None;-10921639;1591,683;1706;273;2220;657365;465,388;11,28;0,696;2,807
ID1687245;1687245;214;42,974;65,65;638,3;0;78600;131;7;1;645,736;13,688;1602,133;6,09;None;None;None;None;None;None;-10921639;1602,133;1725;345;2256;661681;486,416;11,259;0,693;2,696
ID1687514;1687514;214;42,843;65,65;637,65;0;79200;132;7;1;657,148;14,4;1623,743;7,489;None;None;None;None;None;None;-10921639;1623,743;1753;398;2212;670606;465,936;11,276;0,688;2,84
ID1687780;1687780;214;42,966;65,65;636,35;0;79800;133;7;1;646,334;13,116;1609,232;7,702;None;None;None;None;None;None;-10921639;1609,232;1724;357;2204;664613;456,122;11,28;0,704;2,916
ID1688051;1688051;214;45,057;65,65;636,35;0;80400;134;7;1;676,823;12,574;1640,436;7,62;None;None;None;None;None;None;-10921639;1640,436;1728;403;2378;677500;490,16;11,26;0,716;2,793
ID1688325;1688325;214;41,955;66,3;637;0;81000;135;7;1;627,448;13,547;1585,671;7,826;None;None;None;None;None;None;-10921639;1585,671;1686;304;2215;654882;448,155;11,282;0,691;2,891
ID1688599;1688599;214;41,404;66,95;635,7;0;81600;136;7;1;624,855;14,564;1588,908;7,278;None;None;None;None;None;None;-10921639;1588,908;1701;425;2168;656219;425,713;11,309;0,691;3,051
ID1688870;1688870;214;41,484;68,25;635,7;0;82200;137;7;1;626,269;12,358;1595,889;6,613;None;None;None;None;None;None;-10921639;1595,889;1702;514;2152;659102;400,769;11,322;0,696;3,269
ID1689408;1689408;214;40,679;69,55;635,7;0;82800;138;7;1;624,92;14,143;1592,939;7,925;None;None;None;None;None;None;-10921639;1592,939;1697;398;2176;657884;403,873;11,329;0,682;3,197
ID1689139;1689139;214;40,455;69,55;634,4;0;83400;139;7;1;601,288;13,462;1559,995;7,862;None;None;None;None;None;None;-10921639;1559,995;1665;425;2182;644278;422,224;11,306;0,685;3,005
ID1689675;1689675;214;40,102;69,55;635,05;0;84000;140;7;1;603,637;11,918;1569,714;8,186;None;None;None;None;None;None;-10921639;1569,714;1674;409;2093;648292;379,616;11,324;0,682;3,354
ID1690202;1690202;214;39,829;70,2;634,4;0;84600;141;7;1;598,966;12,339;1560,276;7,683;None;None;None;None;None;None;-10921639;1560,276;1663;387;2099;644394;388,601;11,324;0,677;3,243
ID1689937;1689937;214;41,086;70,2;635,05;0;85200;142;7;1;629,015;14,535;1603,627;7,274;None;None;None;None;None;None;-10921639;1603,627;1708;518;2197;662298;397,372;11,328;0,682;3,272
ID1690463;1690463;214;39,847;69,55;635,05;0;85800;143;7;1;610,872;13,772;1582,046;7,114;None;None;None;None;None;None;-10921639;1582,046;1693;469;2123;653385;385,336;11,335;0,664;3,276
ID1690730;1690730;214;40,882;68,9;636,35;0;86400;144;7;1;629,792;13,482;1603,213;6,99;None;None;None;None;None;None;-10921639;1603,213;1706;392;2192;662127;397,246;11,329;0,677;3,258
ID1690997;1690997;214;38,507;69,55;636,35;0;87000;145;7;1;574,535;11,777;1533,84;6,768;None;None;None;None;None;None;-10921639;1533,84;1617;414;2052;633476;345,175;11,352;0,671;3,57
ID1691265;1691265;214;38,925;69,55;636,35;0;87600;146;7;1;587,148;14,22;1555,23;6,966;None;None;None;None;None;None;-10921639;1555,23;1641;450;2061;642310;350,481;11,344;0,666;3,548
ID1691536;1691536;214;40,505;70,85;636,35;0;88200;147;7;1;624,816;12,45;1600,567;6,608;None;None;None;None;None;None;-10921639;1600,567;1698;381;2111;661034;374,364;11,343;0,674;3,444
ID1691803;1691803;214;39,722;71,5;637;0;88800;148;7;1;618,007;13,332;1589,85;7,637;None;None;None;None;None;None;-10921639;1589,85;1703;420;2123;656608;385,496;11,334;0,661;3,282
ID1692079;1692079;214;39,694;71,5;636,35;0;89400;149;7;1;617,017;13,237;1592,484;7,131;None;None;None;None;None;None;-10921639;1592,484;1694;501;2115;657696;371,413;11,349;0,664;3,421
ID1692354;1692354;214;40,038;70,2;635,7;0;90000;150;7;1;629,702;12,828;1609,404;6,247;None;None;None;None;None;None;-10921639;1609,404;1721;514;2079;664684;363,718;11,356;0,67;3,55
ID1692633;1692633;214;40,893;70,2;636,35;0;90600;151;7;1;621,346;12,378;1593,598;7,777;None;None;None;None;None;None;-10921639;1593,598;1689;435;2107;658156;379,421;11,342;0,688;3,423
ID1692907;1692907;214;40,142;70,85;635,05;0;91200;152;7;1;616,511;11,484;1590,431;6,956;None;None;None;None;None;None;-10921639;1590,431;1680;586;2077;656848;352,996;11,352;0,679;3,644
ID1693185;1693185;214;38,281;71,5;633,75;0;91800;153;7;1;570,605;11,891;1529,085;7,312;None;None;None;None;None;None;-10921639;1529,085;1624;505;2036;631512;349,223;11,344;0,668;3,508
ID1693465;1693465;214;38,386;71,5;634,4;0;92400;154;7;1;585,785;12,087;1551,985;7,019;None;None;None;None;None;None;-10921639;1551,985;1638;559;2045;640970;343,348;11,36;0,66;3,595
ID1693742;1693742;214;38,192;71,5;634,4;0;93000;155;7;1;579,276;12,896;1545,838;7,659;None;None;None;None;None;None;-10921639;1545,838;1634;510;2042;638431;335,642;11,359;0,662;3,668
ID1694018;1694018;214;36,945;72,15;634,4;0;93600;156;7;1;559,54;12,53;1520,061;6,782;None;None;None;None;None;None;-10921639;1520,061;1614;547;1927;627785;318,816;11,368;0,652;3,765
ID1694292;1694292;214;36,491;72,8;633,1;0;94200;157;7;1;545,068;11,62;1502,446;6,765;None;None;None;None;None;None;-10921639;1502,446;1578;619;1949;620510;308,061;11,364;0,647;3,832
ID1694566;1694566;214;38,219;72,15;633,75;0;94800;158;7;1;578,799;13,046;1542,249;6,942;None;None;None;None;None;None;-10921639;1542,249;1622;464;2074;636949;346,485;11,359;0,665;3,555
ID1694842;1694842;214;38,07;72,8;633,1;0;95400;159;7;1;575,78;12,189;1536,552;7,189;None;None;None;None;None;None;-10921639;1536,552;1629;455;2058;634596;352,699;11,344;0,658;3,458
ID1695118;1695118;214;37,055;72,8;633,1;0;96000;160;7;1;566,923;11,751;1524,872;6,726;None;None;None;None;None;None;-10921639;1524,872;1621;505;2010;629772;338,863;11,353;0,645;3,528
ID1695392;1695392;214;37,207;72,8;631,8;0;96600;161;7;1;562,668;10,562;1521,32;7,039;None;None;None;None;None;None;-10921639;1521,32;1610;543;2034;628305;336,25;11,353;0,651;3,569
ID1695946;1695946;214;37,206;73,45;631,15;0;97200;162;7;1;561,249;10,838;1513,593;7,126;None;None;None;None;None;None;-10921639;1513,593;1618;414;2012;625114;361,974;11,335;0,648;3,289
ID1695666;1695666;214;37,964;73,45;631,15;0;97800;163;7;1;573,298;11,487;1530,145;6,695;None;None;None;None;None;None;-10921639;1530,145;1620;381;2053;631950;365,068;11,342;0,658;3,326
ID1696221;1696221;214;37,117;73,45;633,1;0;98400;164;7;1;573,208;11,194;1532,324;6,208;None;None;None;None;None;None;-10921639;1532,324;1630;363;2016;632850;348,614;11,367;0,646;3,451
ID1696497;1696497;214;37,864;74,1;631,8;0;99000;165;7;1;580,409;10,775;1543,046;7,264;None;None;None;None;None;None;-10921639;1543,046;1636;460;2101;637278;349,703;11,348;0,657;3,499
ID1696777;1696777;214;37,928;73,45;631,8;0;99600;166;7;1;580,027;13,056;1538,356;7,283;None;None;None;None;None;None;-10921639;1538,356;1630;440;2062;635341;369,844;11,352;0,656;3,296
ID1697055;1697055;214;38,27;74,1;632,45;0;100200;167;7;1;592,475;12,208;1558,697;7,206;None;None;None;None;None;None;-10921639;1558,697;1651;497;2072;643742;358,595;11,359;0,653;3,435
ID1697331;1697331;214;37,642;74,1;631,8;0;100800;168;7;1;577,688;11,918;1535,218;7,131;None;None;None;None;None;None;-10921639;1535,218;1633;478;2077;634045;369,335;11,354;0,652;3,28
ID1697605;1697605;214;38,621;74,1;631,15;0;101400;169;7;1;590,121;11,327;1548,392;6,765;None;None;None;None;None;None;-10921639;1548,392;1649;464;2128;639486;386,826;11,332;0,658;3,176
ID1697880;1697880;214;39,073;74,75;633,1;0;102000;170;7;1;598,036;12,634;1555,223;7,855;None;None;None;None;None;None;-10921639;1555,223;1659;357;2187;642307;413,342;11,323;0,656;2,981
ID1698165;1698165;214;38,413;75,4;632,45;0;102600;171;7;1;586,562;11,194;1543,448;7,438;None;None;None;None;None;None;-10921639;1543,448;1634;403;2130;637444;384,683;11,33;0,654;3,172
ID1698447;1698447;214;38,669;74,75;633,75;0;103200;172;7;1;596,349;11,668;1563,455;7,14;None;None;None;None;None;None;-10921639;1563,455;1644;440;2097;645707;356,29;11,356;0,656;3,476
ID1699008;1699008;214;39,069;74,1;632,45;0;103800;173;7;1;598,538;11,867;1565,266;6,903;None;None;None;None;None;None;-10921639;1565,266;1667;483;2054;646455;360,411;11,351;0,669;3,481
ID1698725;1698725;214;38,952;74,75;631,15;0;104400;174;7;1;599,426;12,632;1567,165;7,4;None;None;None;None;None;None;-10921639;1567,165;1674;435;2034;647239;366,184;11,342;0,662;3,409
ID1699292;1699292;214;39,848;75,4;631,15;0;105000;175;7;1;601,111;14,799;1569,898;6,782;None;None;None;None;None;None;-10921639;1569,898;1672;514;2062;648368;373,78;11,325;0,674;3,383
ID1699571;1699571;214;39,768;76,05;631,15;0;105600;176;7;1;603,237;11,678;1570,3;7,995;None;None;None;None;None;None;-10921639;1570,3;1661;501;2059;648534;369,616;11,335;0,673;3,418
ID1699853;1699853;214;39,214;76,05;630,5;0;106200;177;7;1;595,673;11,005;1563,37;6,649;None;None;None;None;None;None;-10921639;1563,37;1645;555;2028;645672;343,946;11,339;0,666;3,633
ID1700132;1700132;214;39,181;75,4;630,5;0;106800;178;7;1;590,213;11,673;1554,729;6,908;None;None;None;None;None;None;-10921639;1554,729;1645;514;2039;642103;359,685;11,332;0,666;3,457
ID1700417;1700417;214;39,823;76,7;630,5;0;107400;179;7;1;603,295;11,368;1562,312;7,242;None;None;None;None;None;None;-10921639;1562,312;1657;381;2144;645235;407,69;11,309;0,664;3,059
ID1700700;1700700;214;38,129;76,05;629,2;0;108000;180;7;1;570,479;11,617;1519,184;6,971;None;None;None;None;None;None;-10921639;1519,184;1603;450;2118;627423;383,521;11,325;0,655;3,134
ID1701269;1701269;214;39,888;76,05;629,2;0;108600;181;7;1;605,879;10,291;1571,828;7,189;None;None;None;None;None;None;-10921639;1571,828;1653;403;2159;649165;383,976;11,325;0,669;3,282
ID1700983;1700983;214;40,218;75,4;629,2;0;109200;182;7;1;600,068;10,981;1559,114;7,845;None;None;None;None;None;None;-10921639;1559,114;1647;345;2109;643914;394,761;11,315;0,682;3,203
ID1701546;1701546;214;40,28;75,4;629,2;0;109800;183;7;1;609,298;14,252;1578,228;6,501;None;None;None;None;None;None;-10921639;1578,228;1672;430;2132;651808;384,762;11,315;0,672;3,297
ID1701832;1701832;214;41,024;75,4;631,15;0;110400;184;7;1;633,947;11,068;1607,121;6,666;None;None;None;None;None;None;-10921639;1607,121;1690;547;2146;663741;385,111;11,33;0,683;3,387
ID1702118;1702118;214;40,605;75,4;628,55;0;111000;185;7;1;620,136;11,322;1587,857;6,847;None;None;None;None;None;None;-10921639;1587,857;1689;375;2136;655785;391,145;11,316;0,677;3,278
ID1702400;1702400;214;40,038;76,7;631,15;0;111600;186;7;1;613,002;10,576;1576,964;7,189;None;None;None;None;None;None;-10921639;1576,964;1674;403;2191;651286;396,228;11,323;0,676;3,21
ID1702681;1702681;214;41,066;75,4;631,15;0;112200;187;7;1;628,809;10,058;1596,407;7,782;None;None;None;None;None;None;-10921639;1596,407;1689;522;2156;659316;404,641;11,309;0,681;3,196
ID1702965;1702965;214;41,391;76,05;631,15;0;112800;188;7;1;628,022;11,184;1594,019;6,881;None;None;None;None;None;None;-10921639;1594,019;1685;375;2201;658330;412,941;11,307;0,685;3,139
ID1703250;1703250;214;41,289;76,05;631,8;0;113400;189;7;1;634,867;10,659;1603,956;7,983;None;None;None;None;None;None;-10921639;1603,956;1716;409;2161;662434;410,437;11,308;0,678;3,159
ID1703534;1703534;214;40,326;76,05;631,15;0;114000;190;7;1;623,666;9,378;1589,598;6,576;None;None;None;None;None;None;-10921639;1589,598;1694;445;2107;656504;394,508;11,321;0,67;3,233
ID1703820;1703820;214;40,815;76,05;631,8;0;114600;191;7;1;627,659;10,6;1594,964;7,467;None;None;None;None;None;None;-10921639;1594,964;1699;445;2111;658720;393,216;11,312;0,672;3,261
ID1704101;1704101;214;41,197;76,05;630,5;0;115200;192;7;1;628,898;11,542;1597,893;7,448;None;None;None;None;None;None;-10921639;1597,893;1703;474;2126;659930;398,602;11,312;0,687;3,264
ID1704389;1704389;214;40,847;76,7;629,85;0;115800;193;7;1;630,126;10,373;1594,814;7,504;None;None;None;None;None;None;-10921639;1594,814;1690;375;2178;658658;409,849;11,314;0,671;3,126
ID1704684;1704684;214;39,966;77,35;631,15;0;116400;194;7;1;617,542;10,908;1586,225;6,366;None;None;None;None;None;None;-10921639;1586,225;1681;392;2126;655111;378,686;11,337;0,671;3,365
ID1704984;1704984;214;39,502;78;631,15;0;117000;195;7;1;615,683;10,777;1587,061;6,712;None;None;None;None;None;None;-10921639;1587,061;1680;420;2111;655456;365,909;11,344;0,66;3,449
ID1705283;1705283;214;40,007;77,35;631,15;0;117600;196;7;1;608,039;11,058;1576,308;7,257;None;None;None;None;None;None;-10921639;1576,308;1668;414;2126;651015;367,156;11,33;0,674;3,456
ID1705583;1705583;214;41,813;77,35;631,8;0;118200;197;7;1;641,814;10,153;1610,387;6,627;None;None;None;None;None;None;-10921639;1610,387;1728;398;2210;665090;423,177;11,301;0,688;3,103
ID1706171;1706171;214;40,663;78,65;632,45;0;118800;198;7;1;625,913;10,247;1591,351;7,245;None;None;None;None;None;None;-10921639;1591,351;1703;387;2155;657228;405,903;11,316;0,674;3,157
ID1705878;1705878;214;39,08;79,95;631,8;0;119400;199;7;1;605,472;10,702;1565,351;7,036;None;None;None;None;None;None;-10921639;1565,351;1672;369;2098;646490;401,674;11,314;0,647;3,062
ID1706464;1706464;214;38,522;79,3;631,8;0;120000;200;7;1;604,194;11,823;1575,828;8,431;None;None;None;None;None;None;-10921639;1575,828;1669;492;2081;650817;350,715;11,349;0,649;3,537
ID1706749;1706749;214;40,67;79,3;632,45;0;120600;201;7;1;635,431;9,998;1609,777;7,368;None;None;None;None;None;None;-10921639;1609,777;1695;450;2153;664838;382,678;11,325;0,667;3,365
ID1707044;1707044;214;40,073;79,3;632,45;0;121200;202;7;1;640,165;11,956;1623,31;6,816;None;None;None;None;None;None;-10921639;1623,31;1719;478;2106;670427;367,846;11,344;0,649;3,474
ID1707333;1707333;214;40,347;80,6;631,8;0;121800;203;7;1;633,821;11,126;1610,281;6,852;None;None;None;None;None;None;-10921639;1610,281;1707;420;2099;665046;367,19;11,343;0,673;3,528
ID1707621;1707621;214;38,919;80,6;631,8;0;122400;204;7;1;617,446;10,08;1599,588;7,048;None;None;None;None;None;None;-10921639;1599,588;1684;578;1999;660630;309,917;11,378;0,66;4,104
ID1707917;1707917;214;39,494;79,95;629,85;0;123000;205;7;1;630,225;10,264;1603,232;7,015;None;None;None;None;None;None;-10921639;1603,232;1694;392;2091;662135;365,629;11,348;0,65;3,454
ID1708212;1708212;214;39,323;79,3;629,2;0;123600;206;7;1;617,153;9,92;1595,308;7,46;None;None;None;None;None;None;-10921639;1595,308;1673;539;2061;658862;336,528;11,354;0,659;3,765
ID1708507;1708507;214;39,904;79,95;629,2;0;124200;207;7;1;626,983;10,138;1600,351;6,743;None;None;None;None;None;None;-10921639;1600,351;1693;440;2122;660945;363,852;11,346;0,663;3,508
ID1708805;1708805;214;40,024;79,95;629,85;0;124800;208;7;1;627,913;11,504;1603,007;7,012;None;None;None;None;None;None;-10921639;1603,007;1698;435;2129;662042;363,138;11,348;0,671;3,544
ID1709105;1709105;214;38,261;80,6;627,9;0;125400;209;7;1;602,668;10,349;1572,63;7,177;None;None;None;None;None;None;-10921639;1572,63;1668;582;2081;649496;351,072;11,35;0,645;3,513
ID1709404;1709404;214;37,681;80,6;629,2;0;126000;210;7;1;600,93;9,143;1573,034;7,872;None;None;None;None;None;None;-10921639;1573,034;1665;594;2083;649663;332,181;11,372;0,645;3,714
ID1709697;1709697;214;37,417;80,6;627,9;0;126600;211;7;1;604,373;10,14;1575,007;7,094;None;None;None;None;None;None;-10921639;1575,007;1674;460;2083;650478;349,732;11,353;0,627;3,472
ID1709991;1709991;214;37,817;81,25;629,2;0;127200;212;7;1;609,189;9,305;1584,949;7,276;None;None;None;None;None;None;-10921639;1584,949;1684;501;2049;654584;331,458;11,369;0,644;3,747
ID1710285;1710285;214;37,498;81,25;627,25;0;127800;213;7;1;591,969;10,613;1556,847;6,462;None;None;None;None;None;None;-10921639;1556,847;1667;381;2008;642978;352,242;11,35;0,646;3,468
ID1710897;1710897;214;37,53;81,9;627,9;0;128400;214;7;1;611,322;11,104;1591,426;7,305;None;None;None;None;None;None;-10921639;1591,426;1688;586;2067;657259;321,133;11,377;0,637;3,858
ID1710591;1710591;214;37,461;81,9;626,6;0;129000;215;7;1;611,465;10,075;1590,789;6,966;None;None;None;None;None;None;-10921639;1590,789;1691;623;2030;656996;316,215;11,381;0,639;3,921
ID1711199;1711199;214;39,18;81,9;626,6;0;129600;216;7;1;635,429;9,051;1619,23;6,765;None;None;None;None;None;None;-10921639;1619,23;1707;619;2107;668742;332,389;11,369;0,65;3,838
ID1711500;1711500;214;39,117;81,9;627,25;0;130200;217;7;1;617,225;10,584;1594,07;6,654;None;None;None;None;None;None;-10921639;1594,07;1688;522;2108;658351;337,646;11,358;0,662;3,76
ID1711808;1711808;214;38,484;81,9;628,55;0;130800;218;7;1;611,312;11,157;1583,789;7,097;None;None;None;None;None;None;-10921639;1583,789;1684;492;2092;654105;353,649;11,351;0,651;3,533
ID1712428;1712428;214;38,859;82,55;629,85;0;131400;219;7;1;621,84;10,785;1604,53;7,608;None;None;None;None;None;None;-10921639;1604,53;1685;571;2097;662671;322,683;11,376;0,658;3,947
ID1712119;1712119;214;36,659;83,2;627,25;0;132000;220;7;1;574,944;10,356;1538,097;7,467;None;None;None;None;None;None;-10921639;1538,097;1630;445;2018;635234;324,05;11,368;0,636;3,691
ID1713043;1713043;214;38,428;83,85;628,55;0;132600;221;7;1;610,598;9,896;1588,809;7,4;None;None;None;None;None;None;-10921639;1588,809;1669;586;2064;656178;318,291;11,373;0,657;3,959
ID1713344;1713344;214;36,854;84,5;625,95;0;133200;222;7;1;594,487;9,603;1571,094;6,552;None;None;None;None;None;None;-10921639;1571,094;1655;667;2031;648862;305,768;11,387;0,632;3,981
ID1712732;1712732;214;37,138;85,8;625,3;0;133800;223;7;1;603,625;10,755;1582,569;6,433;None;None;None;None;None;None;-10921639;1582,569;1673;594;2033;653601;310,005;15,218;0,634;3,962
ID1713646;1713646;214;36,687;86,45;625,3;0;134400;224;7;1;597,143;9,998;1576,993;6,426;None;None;None;None;None;None;-10921639;1576,993;1659;696;2012;651298;282,582;15,216;0,636;4,338
ID1713953;1713953;214;37,446;87,75;625,3;0;135000;225;7;1;606,477;11,266;1590,419;7,283;None;None;None;None;None;None;-10921639;1590,419;1686;575;2064;656843;303,291;15,198;0,642;4,1
ID1714263;1714263;214;36,692;88,4;625,3;0;135600;226;7;1;596,073;11,651;1572,479;7,424;None;None;None;None;None;None;-10921639;1572,479;1660;527;2039;649434;318,855;11,38;0,623;3,785
ID1714573;1714573;214;36,067;89,05;625,3;0;136200;227;7;1;582,235;10,196;1553,734;7,562;None;None;None;None;None;None;-10921639;1553,734;1647;510;2018;641692;308,053;11,39;0,622;3,869
ID1714884;1714884;214;36,926;89,05;627,9;0;136800;228;7;1;594,758;10,027;1569,056;7,077;None;None;None;None;None;None;-10921639;1569,056;1645;647;2053;648020;309,202;11,387;0,632;3,929
ID1715193;1715193;214;35,558;89,7;624,65;0;137400;229;7;1;575,533;11,053;1547,671;7,276;None;None;None;None;None;None;-10921639;1547,671;1641;640;2007;639188;294,621;15,209;0,615;4,002
ID1715509;1715509;214;35,821;90,35;625,3;0;138000;230;7;1;580,961;9,949;1557,196;6,625;None;None;None;None;None;None;-10921639;1557,196;1640;712;1991;643122;275,84;15,201;0,621;4,325
ID1715827;1715827;214;36,349;90,35;627,25;0;138600;231;7;1;593,659;11,462;1575,254;7,235;None;None;None;None;None;None;-10921639;1575,254;1652;601;2022;650580;291,701;15,2;0,615;4,114
ID1716144;1716144;214;36,325;91;627,9;0;139200;232;7;1;596,584;11,571;1580,121;7,094;None;None;None;None;None;None;-10921639;1580,121;1652;771;1972;652590;259,784;15,282;0,627;4,686
ID1716459;1716459;214;36,147;92,3;627,9;0;139800;233;7;1;591,969;10,429;1577,416;7,7;None;None;None;None;None;None;-10921639;1577,416;1641;768;1939;651473;253,809;15,285;0,619;4,754
ID1716780;1716780;214;34,816;92,3;628,55;0;140400;234;7;1;568,995;11,179;1547,102;6,644;None;None;None;None;None;None;-10921639;1547,102;1609;799;1909;638953;229,638;15,29;0,609;5,1
ID1717093;1717093;214;36,839;91,65;627,9;0;141000;235;7;1;603,339;11,31;1591,998;6,947;None;None;None;None;None;None;-10921639;1591,998;1647;807;1997;657495;255,213;15,276;0,629;4,819
ID1717406;1717406;214;35,119;92,3;629,85;0;141600;236;7;1;561,215;12,768;1536,303;7,23;None;None;None;None;None;None;-10921639;1536,303;1591;571;1918;634493;248,802;15,282;0,616;4,708
ID1717719;1717719;214;32,719;93,6;629,2;0;142200;237;7;1;503,201;13,218;1458,625;6,605;None;None;None;None;None;None;-10921639;1458,625;1508;727;1750;602412;208,971;15,36;0,61;5,289
ID1718040;1718040;214;27,53;93,6;627,9;0;142800;238;7;1;371,104;14,981;1255,712;7,811;None;None;None;None;None;None;-10921639;1255,712;1301;650;1464;518609;177,773;15,34;0,586;5,218
ID1718361;1718361;214;21,394;93,6;628,55;0;143400;239;7;1;238,702;14,274;1005,584;6,695;None;None;None;None;None;None;-10921639;1005,584;1035;464;1210;415306;139,744;15,322;0,553;5,125
ID1718682;1718682;214;14,557;91,65;627,9;0;144000;240;7;1;122,458;15,952;724,569;6,981;None;None;None;None;None;None;-10921639;724,569;748;430;855;299247;96,498;15,201;0,505;5,042
ID1718997;1718997;214;9,19;91,65;629,2;0;144600;241;7;1;56,809;17,869;500,182;7,378;None;None;None;None;None;None;-10921639;500,182;518;210;608;206575;67,997;15,158;0,441;4,502
ID1719309;1719309;214;7,507;92,3;628,55;0;145200;242;7;1;42,438;18,55;440,024;6,048;None;None;None;None;None;None;-10921639;440,024;455;220;539;181730;56,191;15,003;0,402;4,494
ID1719948;1719948;214;6,962;92,95;628,55;0;145800;243;7;1;33,746;21,184;418,649;7,692;None;None;None;None;None;None;-10921639;418,649;435;210;492;172902;50,803;15,165;0,381;4,55
ID1719630;1719630;214;6,595;94,25;627,25;0;146400;244;7;1;30,329;24,266;408,782;7,274;None;None;None;None;None;None;-10921639;408,782;425;210;510;168827;60,715;11,416;0,367;3,619
ID1720269;1720269;214;6,55;93,6;627,25;0;147000;245;7;1;28,232;26,6;407,714;6,818;None;None;None;None;None;None;-10921639;407,714;409;210;497;168386;51,248;15,052;0,369;4,291
ID1720586;1720586;214;6,635;93,6;627,9;0;147600;246;7;1;26,215;30,211;418,203;6,458;None;None;None;None;None;None;-10921639;418,203;435;220;483;172718;50,182;15,184;0,359;4,406
ID1720901;1720901;214;6,592;93,6;628,55;0;148200;247;7;1;21,213;31,08;398,351;6,93;None;None;None;None;None;None;-10921639;398,351;414;210;474;164519;57,692;11,379;0,371;3,737
ID1721211;1721211;214;6,771;92,95;628,55;0;148800;248;7;1;19,153;34,007;406,266;7,245;None;None;None;None;None;None;-10921639;406,266;420;210;501;167788;51,227;14,999;0,382;4,384
ID1721526;1721526;214;6,415;92,3;627,9;0;149400;249;7;1;17,051;35,908;399,613;6,438;None;None;None;None;None;None;-10921639;399,613;414;230;488;165040;49,667;15,091;0,369;4,334
ID1721850;1721850;214;6,698;92,95;627,9;0;150000;250;7;1;15,416;39,366;415,274;7,642;None;None;None;None;None;None;-10921639;415,274;430;199;488;171508;49,239;15,11;0,375;4,596
ID1722171;1722171;214;6,733;92,3;628,55;0;150600;251;7;1;13,831;41,792;418,828;6,603;None;None;None;None;None;None;-10921639;418,828;430;220;510;172976;49,576;15,095;0,369;4,55
ID1722498;1722498;214;7,319;92,95;629,2;0;151200;252;7;1;13,523;46,656;437,366;6,482;None;None;None;None;None;None;-10921639;437,366;445;187;531;180632;53,089;15,054;0,401;4,718
ID1723146;1723146;214;7,596;93,6;629,85;0;151800;253;7;1;11,426;50,177;445,45;7,501;None;None;None;None;None;None;-10921639;445,45;460;273;522;183971;46,137;15,228;0,404;5,554
ID1723465;1723465;214;7,704;94,25;628,55;0;152400;254;7;1;11,872;52,835;463,262;7,823;None;None;None;None;None;None;-10921639;463,262;474;230;535;191327;44,119;15,31;0,404;6,046
ID1722824;1722824;214;8,329;93,6;629,2;0;153000;255;7;1;13,063;57,55;485,923;7,518;None;None;None;None;None;None;-10921639;485,923;497;265;582;200686;49,93;15,316;0,407;5,628
ID1723792;1723792;214;8,012;93,6;629,2;0;153600;256;7;1;11,642;55,392;471,012;7,477;None;None;None;None;None;None;-10921639;471,012;478;297;531;194528;39,733;15,303;0,42;7,007
ID1724116;1724116;214;8,064;93,6;629,2;0;154200;257;7;1;11,988;58;484,029;7,247;None;None;None;None;None;None;-10921639;484,029;492;357;551;199904;38,099;15,393;0,409;7,371
ID1724440;1724440;214;8,249;93,6;630,5;0;154800;258;7;1;10,971;59,308;482,058;7,22;None;None;None;None;None;None;-10921639;482,058;488;297;551;199090;40,754;15,441;0,424;7,039
ID1724763;1724763;214;8,427;93,6;630,5;0;155400;259;7;1;10,818;61,097;491,688;6,249;None;None;None;None;None;None;-10921639;491,688;497;357;559;203067;39,18;15,388;0,427;7,505
ID1725090;1725090;214;8,428;93,6;631,15;0;156000;260;7;1;12,608;61,896;504,196;7,058;None;None;None;None;None;None;-10921639;504,196;514;381;575;208233;39,15;15,398;0,406;7,439
ID1725417;1725417;214;9,007;93,6;630,5;0;156600;261;7;1;12,499;63,271;506,23;7,499;None;None;None;None;None;None;-10921639;506,23;510;338;578;209073;44,275;15,378;0,439;6,98
ID1726072;1726072;214;9,014;94,25;629,85;0;157200;262;7;1;10,794;66,017;516,298;6,603;None;None;None;None;None;None;-10921639;516,298;518;381;608;213231;42,624;15,437;0,434;7,327
ID1725741;1725741;214;9,257;94,9;629,2;0;157800;263;7;1;10,409;66,838;514,632;6,753;None;None;None;None;None;None;-10921639;514,632;518;338;605;212543;44,862;15,409;0,452;7,143
ID1726403;1726403;214;9,863;96,2;631,15;0;158400;264;7;1;10,119;73,3;546,893;7,223;None;None;None;None;None;None;-10921639;546,893;555;369;623;225867;51,599;15,366;0,447;6,551
ID1726732;1726732;214;9,562;96,85;629,85;0;159000;265;7;1;10,55;75,433;547,295;7,339;None;None;None;None;None;None;-10921639;547,295;555;325;630;226033;55,199;15,317;0,435;6,014
ID1727064;1727064;214;9,976;96,85;629,2;0;159600;266;7;1;10,332;75,692;547,516;6,748;None;None;None;None;None;None;-10921639;547,516;559;281;647;226124;62,084;15,422;0,455;5,512
ID1727395;1727395;214;9,866;96,85;629,2;0;160200;267;7;1;11,576;75,492;556,809;6,91;None;None;None;None;None;None;-10921639;556,809;571;338;637;229962;55,697;15,445;0,447;6,174
ID1727733;1727733;214;9,478;98,15;629,2;0;160800;268;7;1;9,576;77,167;558,535;7,017;None;None;None;None;None;None;-10921639;558,535;567;289;674;230675;59,945;15,384;0,411;5,424
ID1728074;1728074;214;9,379;98,15;627,9;0;161400;269;7;1;10,567;75,843;553,368;7,843;None;None;None;None;None;None;-10921639;553,368;563;351;670;228541;54,031;15,423;0,421;6,07
ID1728415;1728415;214;10,068;97,5;627,9;0;162000;270;7;1;9,136;80,128;562,351;6,785;None;None;None;None;None;None;-10921639;562,351;575;345;640;232251;55,914;15,501;0,447;6,212
ID1729101;1729101;214;9,308;98,15;628,55;0;162600;271;7;1;10,097;75,99;547,128;6,797;None;None;None;None;None;None;-10921639;547,128;555;325;619;225964;48,301;15,581;0,424;6,744
ID1728755;1728755;214;9,524;99,45;628,55;0;163200;272;7;1;8,576;77,356;553,785;7,029;None;None;None;None;None;None;-10921639;553,785;563;297;643;228713;56,391;15,395;0,424;5,851
ID1729436;1729436;214;9,469;99,45;628,55;0;163800;273;7;1;10,717;78,157;560,763;6,927;None;None;None;None;None;None;-10921639;560,763;567;357;650;231595;49,634;15,55;0,421;6,699
ID1729780;1729780;214;9,384;99,45;627,25;0;164400;274;7;1;10,085;77,695;563,262;6,843;None;None;None;None;None;None;-10921639;563,262;575;345;647;232627;49,207;15,586;0,412;6,677
ID1730122;1730122;214;9,325;100,1;627,9;0;165000;275;7;1;10,249;77,906;561,182;5,923;None;None;None;None;None;None;-10921639;561,182;575;332;643;231768;51,358;15,446;0,402;6,264
ID1730461;1730461;214;9,523;100,75;627,25;0;165600;276;7;1;9,893;79,54;565,298;7,073;None;None;None;None;None;None;-10921639;565,298;575;351;657;233468;54,973;15,408;0,405;5,928
ID1731477;1731477;214;9,405;101,4;628,55;0;166200;277;7;1;10,315;82,228;578,283;6,988;None;None;None;None;None;None;-10921639;578,283;594;351;674;238831;56,144;15,427;0,387;5,749
ID1730800;1730800;214;9,799;102,05;627,25;0;166800;278;7;1;9,298;80,373;565,346;6,891;None;None;None;None;None;None;-10921639;565,346;575;304;660;233488;58,603;15,267;0,423;5,737
ID1731140;1731140;214;9,582;102,7;627,25;0;167400;279;7;1;10,496;79,801;572,833;6,654;None;None;None;None;None;None;-10921639;572,833;590;338;660;236580;66,21;15,157;0,386;4,823
ID1731819;1731819;214;9,886;102,7;628,55;0;168000;280;7;1;9,295;86,86;589,269;7,985;None;None;None;None;None;None;-10921639;589,269;608;345;670;243368;54,215;15,506;0,417;6,393
ID1732165;1732165;214;9,854;102,05;627,9;0;168600;281;7;1;8,751;84,76;583,479;6,383;None;None;None;None;None;None;-10921639;583,479;594;363;683;240977;52,266;15,633;0,418;6,58
ID1732518;1732518;214;9,867;102,7;627,25;0;169200;282;7;1;10;85,441;589,76;6,69;None;None;None;None;None;None;-10921639;589,76;605;398;687;243571;59,713;15,525;0,404;5,684
ID1732866;1732866;214;10,3;102,7;626,6;0;169800;283;7;1;9,76;86,576;592,804;7,886;None;None;None;None;None;None;-10921639;592,804;608;289;687;244828;64,895;15,453;0,428;5,479
ID1733206;1733206;214;10,465;102,7;627,9;0;170400;284;7;1;10,492;89,387;603,545;7,036;None;None;None;None;None;None;-10921639;603,545;619;381;683;249264;61,003;15,442;0,418;5,837
ID1733554;1733554;214;10,57;102,7;626,6;0;171000;285;7;1;9,554;91,441;608,985;6,55;None;None;None;None;None;None;-10921639;608,985;630;338;677;251511;58,687;15,526;0,431;6,247
ID1734235;1734235;214;10,361;103,35;625,95;0;171600;286;7;1;9,099;93,751;611,746;6,918;None;None;None;None;None;None;-10921639;611,746;623;398;677;252651;48,749;15,674;0,419;7,416
ID1733896;1733896;214;10,643;104,65;625,95;0;172200;287;7;1;8,286;91,821;605,617;7,448;None;None;None;None;None;None;-10921639;605,617;626;375;680;250120;60,248;15,77;0,432;6,06
ID1734569;1734569;214;10,812;105,3;625,95;0;172800;288;7;1;8,7;94,794;615,755;7,475;None;None;None;None;None;None;-10921639;615,755;637;351;699;254307;67,022;15,625;0,425;5,481
ID1734906;1734906;214;10,939;107,25;625,3;0;173400;289;7;1;9,688;93,92;614,174;7,312;None;None;None;None;None;None;-10921639;614,174;623;363;724;253654;71,039;15,245;0,419;5,106
ID1735247;1735247;214;11,118;106,6;625,95;0;174000;290;7;1;9,656;98,937;627,501;7,722;None;None;None;None;None;None;-10921639;627,501;647;325;727;259158;70,915;15,406;0,43;5,319
ID1735584;1735584;214;11,012;105,95;624,65;0;174600;291;7;1;8,138;100,278;631,351;7,569;None;None;None;None;None;None;-10921639;631,351;647;387;712;260748;57,692;15,575;0,428;6,557
ID1735929;1735929;214;10,948;107,9;622,05;0;175200;292;7;1;9,194;98,964;631,383;7,552;None;None;None;None;None;None;-10921639;631,383;650;363;733;260761;66,482;15,399;0,421;5,625
ID1736269;1736269;214;11,514;107,25;623,35;0;175800;293;7;1;9,092;102,62;641,361;7,436;None;None;None;None;None;None;-10921639;641,361;664;318;748;264882;81,983;15,144;0,428;4,687
ID1736937;1736937;214;11,358;107,25;622,05;0;176400;294;7;1;9,346;105,533;645,303;6,044;None;None;None;None;None;None;-10921639;645,303;664;304;768;266510;83,039;15,167;0,42;4,6
ID1736600;1736600;214;11,215;107,25;622,05;0;177000;295;7;1;9,102;102,642;640,692;6,508;None;None;None;None;None;None;-10921639;640,692;657;318;777;264606;81,393;15,092;0,413;4,602
ID1737279;1737279;214;11,321;106,6;622,7;0;177600;296;7;1;8,862;106,186;649,927;6,692;None;None;None;None;None;None;-10921639;649,927;667;375;745;268420;68,796;15,32;0,423;5,619
ID1737621;1737621;214;11,206;106,6;624;0;178200;297;7;1;9,792;107,37;663,041;6,62;None;None;None;None;None;None;-10921639;663,041;677;403;751;273836;60,895;15,51;0,412;6,355
ID1737965;1737965;214;10,964;106,6;624;0;178800;298;7;1;8,395;106,671;656,177;7,932;None;None;None;None;None;None;-10921639;656,177;667;440;739;271001;52,959;15,609;0,413;7,247
ID1738303;1738303;214;11,195;106,6;622,7;0;179400;299;7;1;9,266;107,702;662,632;7,414;None;None;None;None;None;None;-10921639;662,632;674;440;760;273667;57,24;15,609;0,415;6,792
ID1738641;1738641;214;11,003;106,6;622,05;0;180000;300;7;1;9,114;107,995;656,673;7,576;None;None;None;None;None;None;-10921639;656,673;670;369;757;271206;62,444;15,381;0,404;6,052
ID1738985;1738985;214;11,591;105,3;623,35;0;180600;301;7;1;10,121;111,208;676,518;6,666;None;None;None;None;None;None;-10921639;676,518;690;430;757;279402;52,665;15,629;0,425;7,662
ID1739677;1739677;214;11,579;105,3;624,65;0;181200;302;7;1;10,397;111,446;672,685;7,177;None;None;None;None;None;None;-10921639;672,685;687;460;760;277819;53,515;15,771;0,431;7,566
ID1739337;1739337;214;11,573;105,3;624,65;0;181800;303;7;1;8,3;112,453;674,16;7,722;None;None;None;None;None;None;-10921639;674,16;683;440;768;278428;53,112;15,712;0,431;7,643
ID1740025;1740025;214;11,751;105,95;625,3;0;182400;304;7;1;8,407;115,136;679,46;6,608;None;None;None;None;None;None;-10921639;679,46;693;414;780;280617;65,269;15,609;0,418;6,135
ID1740370;1740370;214;11,581;106,6;624,65;0;183000;305;7;1;9,649;113,271;675,671;6,821;None;None;None;None;None;None;-10921639;675,671;696;420;748;279052;60,779;15,469;0,416;6,536
ID1740716;1740716;214;11,691;105,95;623,35;0;183600;306;7;1;8,685;113,654;678,579;7,366;None;None;None;None;None;None;-10921639;678,579;696;403;754;280253;57,655;15,682;0,43;7,076
ID1741063;1741063;214;11,73;106,6;624,65;0;184200;307;7;1;10,93;112,666;684,782;6,93;None;None;None;None;None;None;-10921639;684,782;702;440;777;282815;64,597;15,596;0,411;6,177
ID1741417;1741417;214;11,579;106,6;624;0;184800;308;7;1;9,075;113,346;681,392;7,738;None;None;None;None;None;None;-10921639;681,392;696;430;771;281415;58,379;15,637;0,421;6,915
ID1741764;1741764;214;11,773;106,6;624,65;0;185400;309;7;1;8,005;118,676;695;7,826;None;None;None;None;None;None;-10921639;695;712;430;768;287035;62,618;15,565;0,415;6,511
ID1742823;1742823;214;12,181;108,55;624;0;186000;310;7;1;10,605;121,332;707,593;7,964;None;None;None;None;None;None;-10921639;707,593;724;469;799;292236;64,819;15,462;0,417;6,424
ID1743523;1743523;214;12,242;109,85;622,05;0;186600;311;7;1;8,942;123,801;706,816;6,77;None;None;None;None;None;None;-10921639;706,816;715;414;805;291915;62,963;15,515;0,425;6,701
ID1742121;1742121;214;11,897;111,8;622,05;0;187200;312;7;1;8,077;120,324;696,223;7,179;None;None;None;None;None;None;-10921639;696,223;709;351;818;287540;75,752;15,368;0,408;5,326
ID1743175;1743175;214;12,614;113,1;621,4;0;187800;313;7;1;9,591;128,738;717,504;6,755;None;None;None;None;None;None;-10921639;717,504;730;345;837;296329;81,772;15,352;0,423;5,212
ID1742476;1742476;214;12,919;114,4;621,4;0;188400;314;7;1;9,339;132,138;732,327;7,034;None;None;None;None;None;None;-10921639;732,327;745;369;826;302451;77,759;15,46;0,426;5,625
ID1743882;1743882;214;13,049;114,4;621,4;0;189000;315;7;1;8,346;132,901;730,99;6,08;None;None;None;None;None;None;-10921639;730,99;742;435;826;301899;72,331;15,388;0,434;6,115
ID1744229;1744229;214;12,781;113,75;622,05;0;189600;316;7;1;9,983;132,627;738,45;7,569;None;None;None;None;None;None;-10921639;738,45;754;497;850;304980;64,152;15,345;0,424;6,859
ID1744585;1744585;214;12,21;113,1;622,7;0;190200;317;7;1;8,884;128,598;722,322;6,596;None;None;None;None;None;None;-10921639;722,322;730;414;829;298319;60,349;15,459;0,419;7,071
ID1745289;1745289;214;12,243;113,1;622,05;0;190800;318;7;1;9,615;132,935;733,431;6,823;None;None;None;None;None;None;-10921639;733,431;751;387;868;302907;77,363;15,381;0,401;5,425
ID1744936;1744936;214;12,417;113,1;622,05;0;191400;319;7;1;8,676;127,237;716,424;7,092;None;None;None;None;None;None;-10921639;716,424;736;398;837;295883;84,003;15,151;0,407;4,931
ID1745991;1745991;214;12,516;111,8;622,7;0;192000;320;7;1;10,245;133,792;740,499;6,998;None;None;None;None;None;None;-10921639;740,499;748;460;860;305826;67,332;15,367;0,408;6,376
ID1745641;1745641;214;12,637;112,45;621,4;0;192600;321;7;1;9,557;131,45;728,993;8,271;None;None;None;None;None;None;-10921639;728,993;736;450;850;301074;76,655;15,259;0,413;5,56
ID1746345;1746345;214;12,418;113,1;621,4;0;193200;322;7;1;9,416;132,627;730,738;7,429;None;None;None;None;None;None;-10921639;730,738;742;425;855;301795;84,979;15,173;0,392;4,845
ID1746696;1746696;214;12,411;112,45;620,75;0;193800;323;7;1;9,661;130,6;724,32;7,397;None;None;None;None;None;None;-10921639;724,32;736;375;868;299144;90,291;15,176;0,394;4,538
ID1747404;1747404;214;12,974;111,8;620,75;0;194400;324;7;1;9,642;140,925;759,111;6,341;None;None;None;None;None;None;-10921639;759,111;760;450;881;313513;72,896;15,426;0,408;6,033
ID1747054;1747054;214;13,457;111,15;621,4;0;195000;325;7;1;12,39;145,634;777,642;7,005;None;None;None;None;None;None;-10921639;777,642;785;483;891;321166;77,152;15,339;0,413;5,888
ID1747762;1747762;214;13,641;110,5;623,35;0;195600;326;7;1;11,3;147,852;782,872;7,097;None;None;None;None;None;None;-10921639;782,872;799;510;900;323326;76,245;15,298;0,419;6,06
ID1748118;1748118;214;13,732;110,5;622,7;0;196200;327;7;1;14,414;145,654;785,93;7,404;None;None;None;None;None;None;-10921639;785,93;791;483;922;324589;78,872;15,322;0,417;5,861
ID1748477;1748477;214;14,019;111,15;622,7;0;196800;328;7;1;14,496;151,32;804,584;6,935;None;None;None;None;None;None;-10921639;804,584;813;527;927;332293;80,398;15,278;0,416;5,876
ID1748837;1748837;214;13,791;111,15;622,05;0;197400;329;7;1;15,981;152,487;809,002;7,068;None;None;None;None;None;None;-10921639;809,002;818;547;939;334118;75,081;15,298;0,406;6,222
ID1749195;1749195;214;13,777;110,5;622,7;0;198000;330;7;1;17,012;153,421;809,397;7,559;None;None;None;None;None;None;-10921639;809,397;818;535;939;334281;72,925;15,348;0,414;6,497
ID1749555;1749555;214;14,339;110,5;620,75;0;198600;331;7;1;18,324;155,591;822,978;6,908;None;None;None;None;None;None;-10921639;822,978;842;474;960;339890;86,943;15,361;0,415;5,555
ID1749916;1749916;214;14,382;111,8;620,75;0;199200;332;7;1;18,952;153,063;814,547;6,722;None;None;None;None;None;None;-10921639;814,547;821;478;969;336408;88,831;15,32;0,419;5,412
ID1750277;1750277;214;13,749;112,45;621,4;0;199800;333;7;1;21,874;150,843;819,702;7,574;None;None;None;None;None;None;-10921639;819,702;832;464;950;338537;93,698;15,125;0,385;4,863
ID1750635;1750635;214;14,302;113,1;620,75;0;200400;334;7;1;23,358;154,254;828,465;6,889;None;None;None;None;None;None;-10921639;828,465;847;450;962;342156;97,754;15,152;0,4;4,843
ID1750998;1750998;214;14,949;113,1;620,1;0;201000;335;7;1;24,91;161,833;853,949;6,78;None;None;None;None;None;None;-10921639;853,949;863;497;980;352681;86,787;15,447;0,415;5,774
ID1751717;1751717;214;14,618;113,75;620,75;0;201600;336;7;1;25,424;158,337;844,414;7,32;None;None;None;None;None;None;-10921639;844,414;858;474;962;348743;90,783;15,239;0,409;5,397
ID1751354;1751354;214;15,052;114,4;620,1;0;202200;337;7;1;27,969;164,811;866,666;6,838;None;None;None;None;None;None;-10921639;866,666;883;514;996;357933;96,348;15,229;0,406;5,197
ID1752077;1752077;214;14,725;113,75;620,75;0;202800;338;7;1;29,685;165,288;879,857;6,932;None;None;None;None;None;None;-10921639;879,857;893;522;998;363381;85,795;15,314;0,393;5,785
ID1752430;1752430;214;15,436;114,4;620,1;0;203400;339;7;1;32,462;168,031;890,395;7,823;None;None;None;None;None;None;-10921639;890,395;900;547;1033;367733;93,035;15,28;0,408;5,55
ID1752791;1752791;214;14,789;114,4;620,1;0;204000;340;7;1;34,203;168,119;889,726;6,278;None;None;None;None;None;None;-10921639;889,726;903;586;985;367457;80,479;15,337;0,391;6,218
ID1753151;1753151;214;16,295;115,05;618,15;0;204600;341;7;1;35,07;182,225;925,852;7,046;None;None;None;None;None;None;-10921639;925,852;943;497;1052;382377;103,305;15,275;0,412;5,234
ID1754225;1754225;214;16,323;115,7;618,15;0;205200;342;7;1;39,569;184,252;941,913;8,395;None;None;None;None;None;None;-10921639;941,913;957;647;1075;389010;84,184;15,403;0,418;6,593
ID1753509;1753509;214;16,094;115,7;619,45;0;205800;343;7;1;38,506;183,024;937,162;7,38;None;None;None;None;None;None;-10921639;937,162;948;594;1068;387048;90,362;15,363;0,403;5,956
ID1753874;1753874;214;16,552;116,35;619,45;0;206400;344;7;1;40,385;182,709;937,278;6,09;None;None;None;None;None;None;-10921639;937,278;960;547;1087;387096;105,723;15,241;0,418;5,224
ID1754956;1754956;214;16,067;116,35;620,75;0;207000;345;7;1;40,838;177,237;926,843;6,225;None;None;None;None;None;None;-10921639;926,843;939;514;1105;382786;113,079;15,217;0,396;4,649
ID1755320;1755320;214;16,794;116,35;620,75;0;207600;346;7;1;45,852;182,426;950,574;6,785;None;None;None;None;None;None;-10921639;950,574;969;543;1144;392587;114,041;15,228;0,411;4,858
ID1754591;1754591;214;16,975;116,35;620,75;0;208200;347;7;1;46,564;186,809;965,029;7,245;None;None;None;None;None;None;-10921639;965,029;980;640;1123;398557;99,552;15,346;0,417;5,708
ID1755690;1755690;214;17,612;116,35;618,8;0;208800;348;7;1;49,276;195,172;985,508;6,293;None;None;None;None;None;None;-10921639;985,508;1011;571;1157;407015;115,936;15,299;0,419;5,019
ID1756061;1756061;214;17,255;117;620,1;0;209400;349;7;1;52,47;199,751;1008,169;7,559;None;None;None;None;None;None;-10921639;1008,169;1022;677;1156;416374;82,699;15,515;0,413;7,126
ID1756440;1756440;214;18,235;117;618,15;0;210000;350;7;1;54,705;203,801;1020,065;6,896;None;None;None;None;None;None;-10921639;1020,065;1035;626;1188;421287;104,836;15,406;0,431;5,864
ID1756822;1756822;214;18,255;117;619,45;0;210600;351;7;1;56,683;209,605;1037,09;6,571;None;None;None;None;None;None;-10921639;1037,09;1056;721;1193;428318;87,189;15,51;0,432;7,18
ID1757205;1757205;214;19,145;117;619,45;0;211200;352;7;1;62,603;216,656;1061,337;7,094;None;None;None;None;None;None;-10921639;1061,337;1081;748;1226;438332;91,587;15,468;0,447;7,158
ID1757582;1757582;214;19,902;117,65;619,45;0;211800;353;7;1;64,971;226,891;1088,242;7,235;None;None;None;None;None;None;-10921639;1088,242;1103;791;1249;449444;88,521;15,628;0,46;7,745
ID1757962;1757962;214;19,023;118,3;622,7;0;212400;354;7;1;67,988;219,683;1084,92;6,855;None;None;None;None;None;None;-10921639;1084,92;1089;785;1231;448072;76,57;18,808;0,445;8,725
ID1758344;1758344;214;19,518;117,65;624;0;213000;355;7;1;71,511;222,264;1097,136;7,748;None;None;None;None;None;None;-10921639;1097,136;1117;850;1184;453117;65,915;18,513;0,461;10,507
ID1758730;1758730;214;22,258;121,55;626,6;0;213600;356;7;1;80,903;249,697;1164,085;6,966;None;None;None;None;None;None;-10921639;1164,085;1204;687;1349;480767;127,425;15,61;0,489;6,004
ID1759111;1759111;214;22,756;122,2;626,6;0;214200;357;7;1;87,189;250,816;1161,831;6,31;None;None;None;None;None;None;-10921639;1161,831;1251;420;1438;479836;221,612;11,358;0,458;3,294
ID1759499;1759499;214;21,662;120,25;627,25;0;214800;358;7;1;80,772;236,956;1127,639;7,08;None;None;None;None;None;None;-10921639;1127,639;1208;455;1348;465715;214,283;11,378;0,441;3,222
ID1760664;1760664;214;24,211;120,25;625,3;0;215400;359;7;1;91,983;262,678;1198,196;7,22;None;None;None;None;None;None;-10921639;1198,196;1280;474;1429;494855;218,745;15,417;0,503;3,667
ID1760277;1760277;214;27,357;131,95;620,1;0;216000;360;7;1;127,266;284,148;1298,971;6,935;None;None;None;None;None;None;-10921639;1298,971;1336;824;1515;536475;155,007;15,324;0,547;5,923
ID1759885;1759885;214;25,251;133,9;618,15;0;216600;361;7;1;121,538;283,041;1288,174;6,705;None;None;None;None;None;None;-10921639;1288,174;1336;594;1450;532016;160,631;15,542;0,5;5,344
ID1761046;1761046;214;25,941;134,55;618,8;0;217200;362;7;1;119,557;290,438;1293,056;7,291;None;None;None;None;None;None;-10921639;1293,056;1349;687;1505;534032;168,008;15,374;0,502;5,147
ID1761429;1761429;214;25,453;135,85;616,85;0;217800;363;7;1;122,412;298,77;1314,056;8,169;None;None;None;None;None;None;-10921639;1314,056;1357;751;1499;542705;148,068;15,481;0,492;5,851
ID1761808;1761808;214;25,914;135,85;614,25;0;218400;364;7;1;125,743;309,736;1339,901;7,576;None;None;None;None;None;None;-10921639;1339,901;1385;913;1491;553379;118,051;15,549;0,506;7,628
ID1762575;1762575;214;26,254;137,15;617,5;0;219000;365;7;1;134,787;307,046;1347,252;6,7;None;None;None;None;None;None;-10921639;1347,252;1380;898;1508;556415;127,193;15,57;0,503;7,086
ID1762960;1762960;214;27,968;137,15;617,5;0;219600;366;7;1;140,337;310,763;1355,775;6,446;None;None;None;None;None;None;-10921639;1355,775;1405;643;1615;559935;193,894;15,262;0,521;4,788
ID1762194;1762194;214;26,419;138,45;617,5;0;220200;367;7;1;150,235;277,269;1319,09;7,823;None;None;None;None;None;None;-10921639;1319,09;1370;742;1603;544784;213,93;11,371;0,476;3,977
ID1763340;1763340;214;15,559;136,5;618,8;0;220800;368;7;1;85,816;168,489;1013,581;6,165;None;None;None;None;None;None;-10921639;1013,581;1033;660;1150;418609;101,231;15,688;0,342;5,106
ID1764088;1764088;214;15,03;135,2;616,2;0;221400;369;7;1;87,107;137,477;946,487;7,864;None;None;None;None;None;None;-10921639;946,487;969;492;1081;390899;101,423;15,57;0,358;4,922
ID1764842;1764842;214;15,375;133,25;615,55;0;222000;370;7;1;88,169;135,918;951,508;7,855;None;None;None;None;None;None;-10921639;951,508;969;590;1072;392973;86,791;19,034;0,376;5,997
ID1764471;1764471;214;15,934;132,6;617,5;0;222600;371;7;1;93,153;142,119;975,119;7,465;None;None;None;None;None;None;-10921639;975,119;987;745;1077;402724;69,426;19,149;0,393;7,925
ID1763719;1763719;214;15,979;132,6;617,5;0;223200;372;7;1;94,61;133,281;956,199;7,458;None;None;None;None;None;None;-10921639;956,199;964;715;1070;394910;72,956;19,282;0,402;7,522
ID1765223;1765223;214;15,668;132,6;618,15;0;223800;373;7;1;96,099;126,179;944,753;7,659;None;None;None;None;None;None;-10921639;944,753;948;757;1058;390183;63,851;19,21;0,4;8,454
ID1765978;1765978;214;10,225;131,95;613,6;0;224400;374;7;1;84,54;61,741;737,743;7,61;None;None;None;None;None;None;-10921639;737,743;763;478;903;304688;99,191;11,387;0,283;3,281
ID1766354;1766354;214;10,071;131,95;607,1;0;225000;375;7;1;88,811;17,76;613,075;7,39;None;None;None;None;None;None;-10921639;613,075;615;281;791;253200;115,382;11,277;0,342;2,71
ID1765592;1765592;214;9,009;133,25;607,1;0;225600;376;7;1;102,625;12,286;644,278;8,056;None;None;None;None;None;None;-10921639;644,278;667;325;832;266087;118,383;11,266;0,272;2,327
ID1766733;1766733;214;7,635;135,85;603,85;0;226200;377;7;1;103,634;11,433;626,642;7,705;None;None;None;None;None;None;-10921639;626,642;664;289;832;258803;139,916;11,111;0,2;1,495
ID1767113;1767113;214;7,636;136,5;602,55;0;226800;378;7;1;105,676;10,68;635,55;7,632;None;None;None;None;None;None;-10921639;635,55;693;318;865;262482;150,265;11,112;0,199;1,402
ID1767499;1767499;214;6,284;137,8;601,25;0;227400;379;7;1;105,288;9,433;631,228;7,114;None;None;None;None;None;None;-10921639;631,228;693;220;920;260697;162,887;11,114;0,159;1,064
ID1767869;1767869;214;5,727;140,4;599,3;0;228000;380;7;1;115,015;11,605;659,312;6,77;None;None;None;None;None;None;-10921639;659,312;709;93;964;272296;180,254;11,054;0,129;0,836
ID1768259;1768259;214;6,145;142,35;598,65;0;228600;381;7;1;124,38;12,281;701,136;7,518;None;None;None;None;None;None;-10921639;701,136;715;162;1060;289569;186,161;8,596;0,105;0,716
ID1769034;1769034;214;6,228;145,6;600,6;0;229800;383;7;1;139,153;18,639;757,082;7,104;None;None;None;None;None;None;-10921639;757,082;780;175;1318;312675;216,513;8,508;0,098;0,624
ID1769416;1769416;214;6,167;145,6;600,6;0;230400;384;7;1;127,305;13,046;707,525;6,567;None;None;None;None;None;None;-10921639;707,525;733;175;1066;292208;200,309;8,48;0,09;0,585
ID1769799;1769799;214;6,084;144,3;603,2;0;231000;385;7;1;118,32;10,598;669,138;6,993;None;None;None;None;None;None;-10921639;669,138;715;220;950;276354;194,293;8,533;0,096;0,604
ID1770182;1770182;214;5,956;145,6;604,5;0;231600;386;7;1;119,223;10,775;674,295;7,036;None;None;None;None;None;None;-10921639;674,295;696;239;962;278484;182,323;8,458;0,087;0,594
ID1770952;1770952;214;5,662;147,55;605,15;0;232200;387;7;1;113,584;9,579;655,77;7,874;None;None;None;None;None;None;-10921639;655,77;687;239;903;270833;170,044;8,499;0,096;0,675
ID1770567;1770567;214;5,841;149,5;605,15;0;232800;388;7;1;114,78;10,351;656,237;6,755;None;None;None;None;None;None;-10921639;656,237;706;210;893;271026;179,289;8,444;0,091;0,613
ID1771336;1771336;214;5,901;149,5;605,15;0;233400;389;7;1;113,818;10,586;661,608;6,649;None;None;None;None;None;None;-10921639;661,608;702;248;905;273244;168,252;8,553;0,098;0,704
ID1772099;1772099;214;6,262;152,1;607,1;0;234000;390;7;1;116,535;11,213;663,533;6,61;None;None;None;None;None;None;-10921639;663,533;702;199;903;274039;176,006;8,499;0,101;0,693
ID1771714;1771714;214;6,541;152,75;605,8;0;234600;391;7;1;118,562;9,576;666,826;7,295;None;None;None;None;None;None;-10921639;666,826;696;148;943;275399;179,906;8,546;0,103;0,694
ID1772482;1772482;214;7,22;151,45;603,85;0;235200;392;7;1;120,736;8,821;674,264;7,211;None;None;None;None;None;None;-10921639;674,264;706;132;936;278471;178,067;8,594;0,139;0,923
ID1772862;1772862;214;7,8;150,8;603,2;0;235800;393;7;1;122,564;10,707;683,07;7,533;None;None;None;None;None;None;-10921639;683,07;736;115;967;282108;177,425;11,002;0,165;1,09
ID1773240;1773240;214;8,16;150,8;602,55;0;236400;394;7;1;125,877;10,414;693,462;7,395;None;None;None;None;None;None;-10921639;693,462;730;162;985;286400;183,505;10,944;0,163;1,059
ID1774005;1774005;214;8,378;148,85;601,9;0;237000;395;7;1;126,046;9,908;698,804;7,538;None;None;None;None;None;None;-10921639;698,804;754;162;969;288606;176,824;11,032;0,186;1,239
ID1773623;1773623;214;8,514;148,2;599,95;0;237600;396;7;1;123,446;9,724;691,608;7,37;None;None;None;None;None;None;-10921639;691,608;745;148;915;285634;159,157;11,069;0,199;1,444
ID1774400;1774400;214;8,811;147,55;598,65;0;238200;397;7;1;124,61;10,709;694,632;7,877;None;None;None;None;None;None;-10921639;694,632;765;210;893;286883;176,332;11,041;0,202;1,322
ID1774794;1774794;214;9,055;147,55;600,6;0;238800;398;7;1;124,785;9,419;694,668;6,642;None;None;None;None;None;None;-10921639;694,668;751;175;913;286898;161,259;11,112;0,222;1,566
ID1775570;1775570;214;9,18;147,55;599,95;0;239400;399;7;1;128,857;8,961;704,666;7,08;None;None;None;None;None;None;-10921639;704,666;754;175;953;291027;162,02;11,11;0,219;1,565
ID1775183;1775183;214;9,29;146,25;598,65;0;240000;400;7;1;126,019;9,119;700,666;6,489;None;None;None;None;None;None;-10921639;700,666;760;162;898;289375;162,023;11,134;0,229;1,613
ID1775956;1775956;214;9,431;146,25;596,7;0;240600;401;7;1;132,777;10,506;722,433;7,019;None;None;None;None;None;None;-10921639;722,433;765;304;939;298365;150,536;11,121;0,215;1,697
ID1776339;1776339;214;9,198;146,25;596,05;0;241200;402;7;1;129,932;9,368;711,683;7,361;None;None;None;None;None;None;-10921639;711,683;760;273;908;293925;155,93;11,098;0,209;1,579
ID1777119;1777119;214;9,437;145,6;594,1;0;241800;403;7;1;135,107;9,387;728,402;6,709;None;None;None;None;None;None;-10921639;728,402;754;304;989;300830;149,217;11,125;0,214;1,724
ID1776729;1776729;214;9,727;145,6;592,8;0;242400;404;7;1;141,23;9,7;740,552;7,22;None;None;None;None;None;None;-10921639;740,552;774;220;1033;305848;176,119;11,026;0,2;1,4
ID1777503;1777503;214;10,259;145,6;592,15;0;243000;405;7;1;140,39;9,513;738,695;6,676;None;None;None;None;None;None;-10921639;738,695;788;148;1024;305081;181,538;11,086;0,226;1,503
ID1777895;1777895;214;10,14;145,6;590,2;0;243600;406;7;1;140,835;11,559;742,324;7,392;None;None;None;None;None;None;-10921639;742,324;794;93;1026;306580;195,502;11,094;0,223;1,387
ID1778284;1778284;214;11,572;146,25;590,85;0;244200;407;7;1;144,015;11,252;749,027;6,913;None;None;None;None;None;None;-10921639;749,027;780;132;1079;309348;203,393;11,123;0,264;1,54
ID1778668;1778668;214;11,512;145,6;590,85;0;244800;408;7;1;142,492;9,959;743,036;7,722;None;None;None;None;None;None;-10921639;743,036;783;148;1068;306874;204,145;11,12;0,267;1,533
ID1779044;1779044;214;11,654;145,6;592,15;0;245400;409;7;1;145,133;11,407;759,811;7,855;None;None;None;None;None;None;-10921639;759,811;799;132;1060;313802;192,499;11,143;0,272;1,688
ID1779422;1779422;214;11,964;145,6;593,45;0;246000;410;7;1;147,734;10,063;764,816;6,862;None;None;None;None;None;None;-10921639;764,816;810;199;1050;315869;183,478;11,166;0,289;1,87
ID1779801;1779801;214;11,997;144,95;593,45;0;246600;411;7;1;145,697;10,896;755,569;6,862;None;None;None;None;None;None;-10921639;755,569;810;115;1024;312050;193,68;11,172;0,297;1,788
ID1780184;1780184;214;12,259;144,3;592,15;0;247200;412;7;1;155,927;11,031;789,363;7,68;None;None;None;None;None;None;-10921639;789,363;842;248;1015;326007;173,509;11,219;0,299;2,093
ID1780574;1780574;214;11,503;144,95;592,15;0;247800;413;7;1;151,804;11,397;786,838;8,155;None;None;None;None;None;None;-10921639;786,838;829;239;1015;324964;154,852;11,228;0,28;2,224
ID1780966;1780966;214;11,925;145,6;592,8;0;248400;414;7;1;152,24;13,199;789,293;7,99;None;None;None;None;None;None;-10921639;789,293;826;289;1054;325978;162,566;11,183;0,279;2,118
ID1781356;1781356;214;11,528;145,6;591,5;0;249000;415;7;1;151,608;15,162;793,39;7,291;None;None;None;None;None;None;-10921639;793,39;802;332;1079;327670;158,683;11,214;0,271;2,132
ID1781748;1781748;214;10,954;144,95;590,85;0;249600;416;7;1;152,087;13,579;788,707;6,954;None;None;None;None;None;None;-10921639;788,707;821;199;1062;325736;158,944;11,208;0,252;1,999
ID1782146;1782146;214;11,493;144,95;591,5;0;250200;417;7;1;152,191;14,395;790,191;6,886;None;None;None;None;None;None;-10921639;790,191;805;297;1091;326349;168,281;11,156;0,254;1,903
ID1782536;1782536;214;10,855;143,65;592,8;0;250800;418;7;1;148,109;11,78;776,881;7,363;None;None;None;None;None;None;-10921639;776,881;805;304;1068;320852;157,652;11,188;0,249;1,967
ID1783328;1783328;214;11,666;144,3;592,15;0;251400;419;7;1;154,959;13,182;798,656;7,915;None;None;None;None;None;None;-10921639;798,656;818;375;1123;329845;164,449;11,168;0,256;1,981
ID1782937;1782937;214;11,762;144,3;593,45;0;252000;420;7;1;161,668;11,768;811,93;7,697;None;None;None;None;None;None;-10921639;811,93;829;398;1079;335327;144,172;11,264;0,282;2,481
ID1783731;1783731;214;11,272;143,65;594,1;0;252600;421;7;1;159,947;11,225;808,339;7,499;None;None;None;None;None;None;-10921639;808,339;840;387;1041;333844;138,846;11,248;0,268;2,463
ID1784129;1784129;214;11,264;144,3;592,8;0;253200;422;7;1;161,901;12,671;817,765;6,741;None;None;None;None;None;None;-10921639;817,765;847;381;1066;337737;139,553;11,257;0,262;2,432
ID1784536;1784536;214;10,712;143;592,8;0;253800;423;7;1;163,714;12,119;817,262;7,293;None;None;None;None;None;None;-10921639;817,262;850;369;1070;337529;141,492;11,214;0,24;2,235
ID1784936;1784936;214;10,948;143,65;593,45;0;254400;424;7;1;164,588;11,462;818,673;6,697;None;None;None;None;None;None;-10921639;818,673;845;375;1043;338112;139,212;11,247;0,253;2,372
ID1785331;1785331;214;11,285;144,3;593,45;0;255000;425;7;1;168,78;13,061;832,847;6,37;None;None;None;None;None;None;-10921639;832,847;858;338;1089;343966;144,58;11,232;0,25;2,304
ID1786132;1786132;214;11,549;143;592,8;0;255600;426;7;1;167,705;11,194;825,281;6,31;None;None;None;None;None;None;-10921639;825,281;840;369;1101;340841;153,373;11,228;0,252;2,168
ID1785726;1785726;214;11,243;143,65;592,8;0;256200;427;7;1;167,673;12,983;831,383;7,027;None;None;None;None;None;None;-10921639;831,383;847;425;1085;343361;142,981;11,207;0,243;2,276
ID1786533;1786533;214;10,754;142,35;593,45;0;256800;428;7;1;172,225;11,722;837,027;6,925;None;None;None;None;None;None;-10921639;837,027;873;369;1111;345692;160,835;11,155;0,222;1,889
ID1786934;1786934;214;10,634;143;594,1;0;257400;429;7;1;172,044;12,056;840,845;7,259;None;None;None;None;None;None;-10921639;840,845;873;369;1091;347269;152,272;11,156;0,219;1,981
ID1787334;1787334;214;10,509;143;596,05;0;258000;430;7;1;172,596;12,436;839,051;7,167;None;None;None;None;None;None;-10921639;839,051;860;351;1129;346528;176,631;11,094;0,205;1,617
ID1787736;1787736;214;9,678;141,7;594,75;0;258600;431;7;1;170,414;11,787;833,172;6,622;None;None;None;None;None;None;-10921639;833,172;868;311;1064;344100;160,401;11,163;0,196;1,705
ID1788140;1788140;214;9,789;141,7;595,4;0;259200;432;7;1;170,508;10,586;822,278;7,709;None;None;None;None;None;None;-10921639;822,278;871;297;1062;339601;173,044;11,174;0,203;1,606
ID1788547;1788547;214;10,027;141,7;595,4;0;259800;433;7;1;171,283;11,165;823,666;6,247;None;None;None;None;None;None;-10921639;823,666;886;273;1075;340174;193,043;11,094;0,199;1,415
ID1788960;1788960;214;8,97;141,05;595,4;0;260400;434;7;1;169,692;9,598;822,966;7,119;None;None;None;None;None;None;-10921639;822,966;876;297;1045;339885;166,189;11,128;0,176;1,485
ID1789372;1789372;214;9,314;139,75;596,05;0;261000;435;7;1;170,099;9,506;827,019;7,574;None;None;None;None;None;None;-10921639;827,019;886;369;1089;341559;164,398;11,161;0,19;1,605
ID1789783;1789783;214;8,691;140,4;594,1;0;261600;436;7;1;166,324;10,259;820,533;6,826;None;None;None;None;None;None;-10921639;820,533;863;369;1095;338880;167,004;11,157;0,173;1,451
ID1790198;1790198;214;8,891;141,05;594,1;0;262200;437;7;1;172,165;10,579;832,702;7,797;None;None;None;None;None;None;-10921639;832,702;873;311;1113;343906;164,383;11,16;0,181;1,553
ID1790604;1790604;214;8,694;141,05;594,75;0;262800;438;7;1;174,961;10,288;839,746;6,855;None;None;None;None;None;None;-10921639;839,746;888;304;1115;346815;168,422;11,175;0,17;1,446
ID1791019;1791019;214;8,708;141,7;594,75;0;263400;439;7;1;177,136;11,063;842,584;6,6;None;None;None;None;None;None;-10921639;842,584;871;409;1136;347987;165,023;11,11;0,166;1,452
ID1791432;1791432;214;8,826;140,4;594,75;0;264000;440;7;1;172,472;9,523;830,513;8,165;None;None;None;None;None;None;-10921639;830,513;863;369;1119;343002;166,013;11,111;0,172;1,468
ID1791844;1791844;214;9,352;139,1;594,1;0;264600;441;7;1;175,073;9,506;840,881;6,964;None;None;None;None;None;None;-10921639;840,881;873;338;1101;347284;167,051;11,133;0,179;1,529
ID1792679;1792679;214;9,807;138,45;593,45;0;265200;442;7;1;170,228;10,01;824,274;6,988;None;None;None;None;None;None;-10921639;824,274;868;304;1083;340425;179,543;11,151;0,198;1,52
ID1792265;1792265;214;9,82;138,45;592,15;0;265800;443;7;1;168,09;9,346;820,724;7,676;None;None;None;None;None;None;-10921639;820,724;850;332;1085;338959;165,11;11,166;0,204;1,686
ID1793094;1793094;214;10,889;138,45;592,8;0;266400;444;7;1;175,651;9,104;837,104;7,702;None;None;None;None;None;None;-10921639;837,104;883;248;1075;345724;173,943;11,192;0,228;1,787
ID1793516;1793516;214;10,537;138,45;591,5;0;267000;445;7;1;171,38;10,39;826,467;6,276;None;None;None;None;None;None;-10921639;826,467;863;338;1079;341331;173,54;11,162;0,216;1,695
ID1793942;1793942;214;10,508;138,45;592,15;0;267600;446;7;1;175,797;9,368;840,131;7,554;None;None;None;None;None;None;-10921639;840,131;886;318;1119;346974;175,114;11,159;0,215;1,698
ID1794370;1794370;214;10,334;138,45;592,8;0;268200;447;7;1;175,547;10,564;839,133;7,383;None;None;None;None;None;None;-10921639;839,133;883;304;1099;346562;177,6;11,207;0,216;1,676
ID1794797;1794797;214;10,902;138,45;593,45;0;268800;448;7;1;175,976;9,591;837,702;7,685;None;None;None;None;None;None;-10921639;837,702;883;281;1129;345971;177,351;11,193;0,229;1,761
ID1795223;1795223;214;9,82;137,8;593,45;0;269400;449;7;1;175,102;10,015;835,654;6,615;None;None;None;None;None;None;-10921639;835,654;876;281;1121;345125;178,489;11,143;0,195;1,529
ID1795648;1795648;214;9,595;137,8;593,45;0;270000;450;7;1;180,627;10,092;850,429;6,697;None;None;None;None;None;None;-10921639;850,429;893;318;1148;351227;178,852;11,133;0,186;1,491
ID1796066;1796066;214;9,463;136,5;592,8;0;270600;451;7;1;182,455;10,051;857,768;6,707;None;None;None;None;None;None;-10921639;857,768;883;392;1146;354258;173,509;11,167;0,182;1,525
ID1796489;1796489;214;9,691;136,5;594,1;0;271200;452;7;1;177,862;10,499;844,884;7,617;None;None;None;None;None;None;-10921639;844,884;886;338;1157;348937;186,923;11,18;0,194;1,468
ID1796902;1796902;214;9,566;136,5;593,45;0;271800;453;7;1;176,201;10,809;839,828;6,925;None;None;None;None;None;None;-10921639;839,828;893;265;1156;346849;204,411;11,078;0,178;1,239
ID1797323;1797323;214;9,617;137,15;591,5;0;272400;454;7;1;194,174;10,792;886;7,169;None;None;None;None;None;None;-10921639;886;915;338;1210;365918;182,618;11,149;0,175;1,447
ID1797740;1797740;214;9,355;137,15;592,8;0;273000;455;7;1;188,283;9,923;871,632;6,458;None;None;None;None;None;None;-10921639;871,632;910;325;1188;359984;185,296;11,159;0,175;1,402
ID1798155;1798155;214;9,278;137,8;592,8;0;273600;456;7;1;185,179;9,944;863,107;5,908;None;None;None;None;None;None;-10921639;863,107;910;175;1182;356463;202,619;11,078;0,168;1,223
ID1798568;1798568;214;9,249;137,15;592,15;0;274200;457;7;1;174,981;11,358;837,826;6,988;None;None;None;None;None;None;-10921639;837,826;898;257;1121;346022;196,321;11,148;0,181;1,311
ID1798980;1798980;214;9,033;137,8;592,15;0;274800;458;7;1;167,346;10,804;818,228;7,298;None;None;None;None;None;None;-10921639;818,228;888;199;1103;337928;200,88;11,136;0,178;1,23
ID1799395;1799395;214;9,333;139,1;591,5;0;275400;459;7;1;190,46;10,734;877,881;7,206;None;None;None;None;None;None;-10921639;877,881;927;289;1156;362565;186,278;11,182;0,178;1,427
ID1799809;1799809;214;10,073;139,1;594,1;0;276000;460;7;1;182,472;10,896;850,777;7,378;None;None;None;None;None;None;-10921639;850,777;934;210;1132;351371;220,091;11,076;0,187;1,22
ID1800221;1800221;214;10,79;139,75;595,4;0;276600;461;7;1;185,869;10,01;848,99;8,157;None;None;None;None;None;None;-10921639;848,99;934;148;1165;350633;235,511;11,065;0,204;1,221
ID1800638;1800638;214;11,412;139,75;595,4;0;277200;462;7;1;186,562;9,939;867,169;6,518;None;None;None;None;None;None;-10921639;867,169;941;248;1107;358141;200,198;11,156;0,229;1,615
ID1801057;1801057;214;11,497;140,4;596,05;0;277800;463;7;1;185,416;10,298;860,039;7,327;None;None;None;None;None;None;-10921639;860,039;929;162;1142;355196;202,692;11,211;0,246;1,673
ID1802715;1802715;214;11,971;139,75;596,05;0;278400;464;7;1;180,092;9,973;839,605;7,073;None;None;None;None;None;None;-10921639;839,605;920;175;1127;346757;217,579;11,195;0,268;1,632
ID1801470;1801470;214;12,187;139,1;597,35;0;279000;465;7;1;176,341;10,199;842,879;8,053;None;None;None;None;None;None;-10921639;842,879;903;199;1125;348109;185,91;11,305;0,294;2,059
ID1801879;1801879;214;12,889;139,1;598;0;279600;466;7;1;179,061;9,576;844,855;8,23;None;None;None;None;None;None;-10921639;844,855;920;220;1127;348925;196,452;11,285;0,315;2,06
ID1802302;1802302;214;13,171;139,1;598;0;280200;467;7;1;179,23;8,799;846,489;6,4;None;None;None;None;None;None;-10921639;846,489;910;220;1113;349600;182,271;11,304;0,334;2,326
ID1803132;1803132;214;14,268;138,45;597,35;0;280800;468;7;1;185,571;9,671;867,235;7,598;None;None;None;None;None;None;-10921639;867,235;934;311;1113;358168;179,083;11,292;0,352;2,522
ID1803546;1803546;214;14,294;138,45;598,65;0;281400;469;7;1;183,634;8,54;858,835;6,644;None;None;None;None;None;None;-10921639;858,835;920;257;1089;354699;168,559;11,327;0,369;2,749
ID1803963;1803963;214;14,922;137,15;598;0;282000;470;7;1;183,53;10,366;861,356;7,729;None;None;None;None;None;None;-10921639;861,356;915;297;1093;355740;163,594;11,356;0,398;2,999
ID1804383;1804383;214;14,933;135,85;599,3;0;282600;471;7;1;188,131;10,412;869,828;7,395;None;None;None;None;None;None;-10921639;869,828;941;187;1113;359239;191,401;11,306;0,377;2,486
ID1804803;1804803;214;14,913;135,2;599,3;0;283200;472;7;1;186,007;9,847;866,54;7,177;None;None;None;None;None;None;-10921639;866,54;927;257;1105;357881;171,643;11,315;0,376;2,758
ID1805228;1805228;214;15,692;134,55;599,95;0;283800;473;7;1;186,705;9,223;868;6,431;None;None;None;None;None;None;-10921639;868;927;248;1134;358484;176,403;11,324;0,401;2,817
ID1805647;1805647;214;15,137;134,55;600,6;0;284400;474;7;1;189,956;11,426;877,54;6,538;None;None;None;None;None;None;-10921639;877,54;927;281;1119;362424;159,596;11,349;0,391;3,092
ID1806068;1806068;214;15,399;133,9;601,9;0;285000;475;7;1;194,416;12,116;897,235;7,206;None;None;None;None;None;None;-10921639;897,235;932;357;1129;370558;147,906;11,344;0,392;3,418
ID1806485;1806485;214;14,592;133,9;601,9;0;285600;476;7;1;183,443;9,056;862,269;6,901;None;None;None;None;None;None;-10921639;862,269;908;338;1026;356117;135,871;11,36;0,39;3,56
ID1806907;1806907;214;14,818;133,9;602,55;0;286200;477;7;1;187,656;11,862;880,46;7,007;None;None;None;None;None;None;-10921639;880,46;925;409;1077;363630;129,42;11,367;0,378;3,73
ID1807327;1807327;214;14,789;133,25;603,2;0;286800;478;7;1;182,927;10,637;867,823;7,397;None;None;None;None;None;None;-10921639;867,823;913;351;1043;358411;134,374;11,381;0,392;3,637
ID1807754;1807754;214;14,89;132,6;603,85;0;287400;479;7;1;180,092;10,508;856,327;7,571;None;None;None;None;None;None;-10921639;856,327;895;351;1068;353663;132,663;11,397;0,416;3,796
ID1808174;1808174;214;14,723;133,25;603,2;0;288000;480;7;1;182,075;10,276;860,923;6,738;None;None;None;None;None;None;-10921639;860,923;903;311;1039;355561;142,283;11,401;0,408;3,509
ID1808592;1808592;214;15,008;133,25;601,9;0;288600;481;7;1;175,828;9,724;843,068;7;None;None;None;None;None;None;-10921639;843,068;908;220;1039;348187;166,387;11,38;0,416;2,975
ID1809014;1809014;214;15,033;133,9;603,2;0;289200;482;7;1;177,232;9,392;848,215;7,22;None;None;None;None;None;None;-10921639;848,215;895;351;1000;350313;130,036;11,409;0,426;3,9
ID1809431;1809431;214;15,44;134,55;603,2;0;289800;483;7;1;178,927;9,373;852,642;7,242;None;None;None;None;None;None;-10921639;852,642;905;304;1028;352141;148,174;11,374;0,434;3,482
ID1809854;1809854;214;15,106;134,55;603,85;0;290400;484;7;1;171,349;9,143;831,475;7,189;None;None;None;None;None;None;-10921639;831,475;895;311;978;343399;143,632;11,394;0,434;3,505
ID1810290;1810290;214;15,578;135,85;605,15;0;291000;485;7;1;180,358;9,138;857,942;6,789;None;None;None;None;None;None;-10921639;857,942;913;345;1018;354330;141,958;11,378;0,431;3,64
ID1810722;1810722;214;15,785;136,5;605,15;0;291600;486;7;1;182,562;10,196;861,387;7,659;None;None;None;None;None;None;-10921639;861,387;917;403;1026;355753;142,261;11,377;0,43;3,643
ID1811143;1811143;214;15,35;135,85;604,5;0;292200;487;7;1;175,521;9,462;845,666;6,746;None;None;None;None;None;None;-10921639;845,666;893;387;998;349260;129,164;11,396;0,43;3,938
ID1811995;1811995;214;15,679;136,5;605,15;0;292800;488;7;1;181,087;9,898;860,879;7,235;None;None;None;None;None;None;-10921639;860,879;905;369;1024;355543;127,73;11,406;0,446;4,156
ID1811570;1811570;214;15,854;136,5;605,8;0;293400;489;7;1;180,123;8,525;856,925;6,961;None;None;None;None;None;None;-10921639;856,925;905;414;1031;353910;123,875;11,388;0,446;4,269
ID1812871;1812871;214;15,426;136,5;607,75;0;294000;490;7;1;178,339;10,351;858,695;7,305;None;None;None;None;None;None;-10921639;858,695;900;464;998;354641;117,339;15,187;0,432;4,419
ID1812438;1812438;214;16,349;135,85;607,75;0;294600;491;7;1;183,809;10,419;869,433;8,073;None;None;None;None;None;None;-10921639;869,433;915;420;1031;359076;134,539;11,398;0,444;3,976
ID1813300;1813300;214;15,829;135,2;607,75;0;295200;492;7;1;180,741;9,862;860,305;7,196;None;None;None;None;None;None;-10921639;860,305;915;369;1015;355306;135,327;11,4;0,434;3,847
ID1813734;1813734;214;15,581;134,55;607,75;0;295800;493;7;1;179,143;9,208;857,429;6,274;None;None;None;None;None;None;-10921639;857,429;903;455;1050;354118;131,922;11,406;0,425;3,879
ID1814170;1814170;214;15,579;133,9;607,1;0;296400;494;7;1;180,538;8,651;856,044;7,627;None;None;None;None;None;None;-10921639;856,044;905;430;1056;353546;138,22;11,382;0,413;3,621
ID1815033;1815033;214;15,293;133,25;606,45;0;297000;495;7;1;177,676;10,317;845,959;7,4;None;None;None;None;None;None;-10921639;845,959;908;338;1043;349381;157,847;11,342;0,404;3,086
ID1814601;1814601;214;15,615;132,6;607,1;0;297600;496;7;1;183,818;9,162;867,085;7,053;None;None;None;None;None;None;-10921639;867,085;908;420;1066;358106;134,981;11,402;0,418;3,785
ID1815888;1815888;214;16,231;133,25;609,05;0;298200;497;7;1;187,341;10,988;883,075;7,688;None;None;None;None;None;None;-10921639;883,075;925;483;1156;364710;140,969;15,137;0,447;3,87
ID1815464;1815464;214;16,065;132,6;609,05;0;298800;498;7;1;181,567;9,719;866,131;7,409;None;None;None;None;None;None;-10921639;866,131;900;464;1144;357712;125,3;15,174;0,461;4,36
ID1816748;1816748;214;15,882;133,9;609,7;0;299400;499;7;1;175,637;10,145;849,661;5,932;None;None;None;None;None;None;-10921639;849,661;886;474;1072;350910;130,751;11,403;0,453;4,053
ID1816311;1816311;214;15,959;134,55;609,7;0;300000;500;7;1;174,736;9,08;843,45;7,208;None;None;None;None;None;None;-10921639;843,45;881;409;1079;348345;140,616;11,388;0,452;3,736
ID1817196;1817196;214;16,266;134,55;609,7;0;300600;501;7;1;179,443;9,654;853,479;7,993;None;None;None;None;None;None;-10921639;853,479;878;464;1093;352487;136,463;11,397;0,468;3,986
ID1817638;1817638;214;16,463;134,55;609,7;0;301200;502;7;1;181,477;10,751;865,063;6,571;None;None;None;None;None;None;-10921639;865,063;893;425;1072;357271;130,609;11,419;0,476;4,274
ID1818086;1818086;214;15,985;134,55;610,35;0;301800;503;7;1;178,01;9,806;853,617;7,547;None;None;None;None;None;None;-10921639;853,617;883;478;1060;352544;119,07;11,432;0,465;4,55
ID1818960;1818960;214;15,975;134,55;610,35;0;302400;504;7;1;181,826;8,433;861,102;6,138;None;None;None;None;None;None;-10921639;861,102;888;398;1103;355635;128,656;11,42;0,469;4,273
ID1818525;1818525;214;16,062;134,55;610,35;0;303000;505;7;1;185,455;9,586;872,663;8,114;None;None;None;None;None;None;-10921639;872,663;893;478;1099;360410;124,411;15,033;0,459;4,412
ID1819395;1819395;214;16,198;134,55;611;0;303600;506;7;1;185,954;9,755;871,467;7,3;None;None;None;None;None;None;-10921639;871,467;908;474;1077;359916;127,899;11,408;0,457;4,272
ID1820282;1820282;214;16,064;135,2;612,3;0;304200;507;7;1;192,598;9,78;889,55;7,065;None;None;None;None;None;None;-10921639;889,55;913;522;1099;367384;114,189;15,045;0,448;4,821
ID1819841;1819841;214;15,285;135,85;612,95;0;304800;508;7;1;191,792;9,373;887,969;8,015;None;None;None;None;None;None;-10921639;887,969;917;440;1089;366731;122,751;15,097;0,423;4,299
ID1820728;1820728;214;15,829;135,85;611;0;305400;509;7;1;193,041;11,424;893,99;7,257;None;None;None;None;None;None;-10921639;893,99;920;440;1095;369218;125,1;15,041;0,431;4,305
ID1821187;1821187;214;16,264;136,5;612,3;0;306000;510;7;1;201,92;11,872;917,099;6,656;None;None;None;None;None;None;-10921639;917,099;943;450;1125;378762;129,575;15,048;0,43;4,255
ID1822096;1822096;214;16,654;136,5;611,65;0;306600;511;7;1;212,828;10,937;942,494;8,981;None;None;None;None;None;None;-10921639;942,494;971;539;1138;389250;119,126;14,983;0,432;4,772
ID1821638;1821638;214;16,761;135,85;611,65;0;307200;512;7;1;212,954;13,692;948,305;18,184;None;None;None;None;None;None;-10921639;948,305;978;518;1125;391650;112,488;15,106;0,439;5,141
ID1822546;1822546;214;16,256;137,15;612,3;0;307800;513;7;1;209,53;10,487;929,741;11,344;None;None;None;None;None;None;-10921639;929,741;950;543;1107;383983;117,878;11,43;0,419;4,656
ID1823443;1823443;214;17,927;135,85;612,3;0;308400;514;7;1;215,552;17,07;957,576;48,15;None;None;None;None;None;None;-10921639;957,576;985;460;1173;395479;141,692;15,207;0,454;4,221
ID1822994;1822994;214;17,632;136,5;611,65;0;309000;515;7;1;221,341;16,424;968,78;43,102;None;None;None;None;None;None;-10921639;968,78;1007;338;1202;400106;156,97;15,129;0,432;3,725
ID1823906;1823906;214;15,957;137,15;611,65;0;309600;516;7;1;219,116;12,995;956,712;19,55;None;None;None;None;None;None;-10921639;956,712;1000;345;1169;395122;155,136;11,383;0,384;3,419
ID1824365;1824365;214;17,708;137,8;612,3;0;310200;517;7;1;233,058;14,16;989,288;47,949;None;None;None;None;None;None;-10921639;989,288;1039;403;1182;408576;166,91;11,355;0,414;3,469
ID1824822;1824822;214;17,935;137,8;613,6;0;310800;518;7;1;237,668;18,4;1005,581;56,264;None;None;None;None;None;None;-10921639;1005,581;1050;430;1237;415305;158,867;11,353;0,421;3,753
ID1825289;1825289;214;19,114;137,8;612,95;0;311400;519;7;1;242,518;17,872;1014,676;50,743;None;None;None;None;None;None;-10921639;1014,676;1054;469;1261;419061;151,875;11,383;0,465;4,243
ID1826240;1826240;214;18,763;138,45;613,6;0;312000;520;7;1;240,758;15,54;1014,942;33,879;None;None;None;None;None;None;-10921639;1014,942;1045;633;1242;419171;128,167;15,157;0,46;4,988
ID1825764;1825764;214;18,706;139,1;614,25;0;312600;521;7;1;232,172;11,278;978,879;12,845;None;None;None;None;None;None;-10921639;978,879;996;492;1226;404277;156,875;11,388;0,465;3,964
ID1826706;1826706;214;18,598;139,1;615,55;0;313200;522;7;1;225,915;11,676;963,949;8,249;None;None;None;None;None;None;-10921639;963,949;1011;351;1215;398111;171,588;11,365;0,463;3,555
ID1827167;1827167;214;18,555;139,1;616,2;0;313800;523;7;1;222,709;8,751;957,024;7,448;None;None;None;None;None;None;-10921639;957,024;980;392;1222;395251;164,206;11,359;0,471;3,73
ID1827628;1827628;214;18,588;139,75;618,15;0;314400;524;7;1;222,402;8,92;953,201;6,579;None;None;None;None;None;None;-10921639;953,201;985;351;1237;393672;174,157;11,35;0,466;3,478
ID1828085;1828085;214;18,263;139,1;618,8;0;315000;525;7;1;222,327;9,77;953,245;6,947;None;None;None;None;None;None;-10921639;953,245;994;345;1261;393690;182,536;11,345;0,456;3,273
ID1829013;1829013;214;18,429;138,45;619,45;0;315600;526;7;1;224,768;9,184;964,249;7,16;None;None;None;None;None;None;-10921639;964,249;991;445;1254;398235;158,791;11,37;0,465;3,856
ID1828550;1828550;214;17,889;137,8;620,75;0;316200;527;7;1;220,344;9,736;948,266;7,414;None;None;None;None;None;None;-10921639;948,266;976;345;1221;391634;175,531;11,36;0,447;3,338
ID1829482;1829482;214;18,133;137,8;621,4;0;316800;528;7;1;228,453;9,63;968,056;6,617;None;None;None;None;None;None;-10921639;968,056;1020;398;1238;399807;176,615;11,353;0,442;3,36
ID1830410;1830410;214;18,332;137,8;623,35;0;317400;529;7;1;230,426;10,039;974,923;7,199;None;None;None;None;None;None;-10921639;974,923;1035;392;1242;402643;178,954;11,352;0,441;3,332
ID1829941;1829941;214;18,288;137,8;624;0;318000;530;7;1;230,053;10,107;969,985;6,487;None;None;None;None;None;None;-10921639;969,985;1037;369;1231;400604;186,197;11,339;0,432;3,143
