Label;ID;TRACK_ID;QUALITY;POSITION_X;POSITION_Y;POSITION_Z;POSITION_T;FRAME;RADIUS;VISIBILITY;MEAN_INTENSITY01;MEAN_INTENSITY02;MEAN_INTENSITY03;MEAN_INTENSITY04;MEAN_INTENSITY05;MEAN_INTENSITY06;MEAN_INTENSITY07;MEAN_INTENSITY08;MEAN_INTENSITY09;MEAN_INTENSITY10;MANUAL_COLOR;MEAN_INTENSITY;MEDIAN_INTENSITY;MIN_INTENSITY;MAX_INTENSITY;TOTAL_INTENSITY;STANDARD_DEVIATION;ESTIMATED_DIAMETER;CONTRAST;SNR
ID1270;1270;111;33,376;104,65;313,3;0;0;0;7;1;343,816;13,019;1659,387;6,741;None;None;None;None;None;None;-10921639;1659,387;1766;439;2159;685327;402,601;11,28;0,445;2,539
ID400;400;111;34,252;105,95;313,3;0;600;1;7;1;350,199;12,939;1674,235;8,058;None;None;None;None;None;None;-10921639;1674,235;1788;530;2194;691459;402,576;11,294;0,462;2,628
ID2133;2133;111;33,762;105,3;312,65;0;1200;2;7;1;342,726;12,068;1655,535;7,86;None;None;None;None;None;None;-10921639;1655,535;1771;495;2172;683736;414,652;11,278;0,455;2,497
ID1564;1564;111;35,523;105,3;314,6;0;1800;3;7;1;356,179;12,91;1684,019;7,666;None;None;None;None;None;None;-10921639;1684,019;1788;449;2263;695500;432,652;11,283;0,48;2,525
ID1850;1850;111;34,612;104;313,95;0;2400;4;7;1;338,925;12,496;1648,024;8,39;None;None;None;None;None;None;-10921639;1648,024;1758;310;2222;680634;402,544;11,302;0,49;2,692
ID2425;2425;111;33,427;104,65;314,6;0;3000;5;7;1;336,692;12,044;1628,93;7,087;None;None;None;None;None;None;-10921639;1628,93;1756;374;2208;672748;434,239;11,297;0,472;2,405
ID985;985;111;32,516;104;313,95;0;3600;6;7;1;338,7;11,949;1634,644;7,903;None;None;None;None;None;None;-10921639;1634,644;1766;386;2194;675108;439,57;11,294;0,444;2,288
ID692;692;111;32,866;104,65;313,95;0;4200;7;7;1;329,879;11,998;1618,782;8,472;None;None;None;None;None;None;-10921639;1618,782;1743;374;2104;668557;415,999;11,3;0,465;2,472
ID4206;4206;111;33,364;105,3;313,95;0;4800;8;7;1;334,789;12,937;1633,937;8,056;None;None;None;None;None;None;-10921639;1633,937;1771;419;2123;674816;412,076;11,317;0,479;2,567
ID3014;3014;111;32,809;104;314,6;0;5400;9;7;1;334,409;13,927;1625,542;6,821;None;None;None;None;None;None;-10921639;1625,542;1741;374;2182;671349;423,198;11,299;0,462;2,428
ID3306;3306;111;32,902;103,35;313,95;0;6000;10;7;1;325,646;12,027;1602,741;7,472;None;None;None;None;None;None;-10921639;1602,741;1705;468;2186;661932;413,532;11,302;0,478;2,507
ID2718;2718;111;32,118;102,7;314,6;0;6600;11;7;1;326,671;13,458;1605,763;7,613;None;None;None;None;None;None;-10921639;1605,763;1720;429;2214;663180;439,365;11,266;0,445;2,25
ID3910;3910;111;31,328;101,4;314,6;0;7200;12;7;1;327,741;12,935;1596,455;7,666;None;None;None;None;None;None;-10921639;1596,455;1718;324;2276;659336;454,628;11,275;0,435;2,128
ID3606;3606;111;31,659;102,05;314,6;0;7800;13;7;1;315,511;13,523;1583,232;6,92;None;None;None;None;None;None;-10921639;1583,232;1689;386;2114;653875;415,521;11,291;0,456;2,387
ID4501;4501;111;31,503;102,05;315,25;0;8400;14;7;1;311,889;12,23;1570,441;7,816;None;None;None;None;None;None;-10921639;1570,441;1697;310;2141;648592;423,798;11,296;0,467;2,358
ID4799;4799;111;30,863;101,4;315,9;0;9000;15;7;1;304,92;13,898;1564,983;6,574;None;None;None;None;None;None;-10921639;1564,983;1689;397;2081;646338;388,411;11,311;0,455;2,518
ID5094;5094;111;32,177;102,05;315,25;0;9600;16;7;1;308,533;11,375;1575,983;7,799;None;None;None;None;None;None;-10921639;1575,983;1681;538;2081;650881;347,088;11,343;0,5;3,025
ID6000;6000;111;33,578;102,05;315,9;0;10200;17;7;1;324,278;11,942;1611,743;7,324;None;None;None;None;None;None;-10921639;1611,743;1730;449;2153;665650;366,978;11,338;0,509;2,964
ID5397;5397;111;32,272;100,75;316,55;0;10800;18;7;1;319,637;13,068;1608,574;6,593;None;None;None;None;None;None;-10921639;1608,574;1718;554;2070;664341;340,918;11,349;0,485;3,083
ID5702;5702;111;34,369;100,75;316,55;0;11400;19;7;1;328,363;11,617;1630,586;7,09;None;None;None;None;None;None;-10921639;1630,586;1735;600;2042;673432;327,469;11,366;0,528;3,443
ID6305;6305;111;35,016;102,05;315,9;0;12000;20;7;1;325,446;13,276;1625,542;6,249;None;None;None;None;None;None;-10921639;1625,542;1746;570;2091;671349;356,665;11,345;0,539;3,193
ID6614;6614;111;36,183;102,7;317,85;0;12600;21;7;1;340,199;12,896;1662,46;7,208;None;None;None;None;None;None;-10921639;1662,46;1766;614;2114;686596;350,681;11,341;0,54;3,325
ID6918;6918;111;35,694;102,05;317,2;0;13200;22;7;1;336,015;14,056;1652,274;7,843;None;None;None;None;None;None;-10921639;1652,274;1771;562;2137;682389;369,876;11,345;0,547;3,159
ID7224;7224;111;37,177;104;317,85;0;13800;23;7;1;343,252;12,676;1663,259;7,419;None;None;None;None;None;None;-10921639;1663,259;1800;513;2106;686926;396,356;11,325;0,563;3,023
ID7528;7528;111;37,701;104,65;317,85;0;14400;24;7;1;345,755;15,111;1669,286;7,441;None;None;None;None;None;None;-10921639;1669,286;1810;363;2180;689415;421,562;11,315;0,57;2,875
ID8758;8758;111;37,348;105,95;317,2;0;15000;25;7;1;335,918;13,552;1644,172;8,7;None;None;None;None;None;None;-10921639;1644,172;1778;408;2176;679043;427,322;11,312;0,576;2,812
ID8450;8450;111;39,515;106,6;318,5;0;15600;26;7;1;355,465;14,075;1690,722;7,019;None;None;None;None;None;None;-10921639;1690,722;1839;487;2276;698268;432,313;11,308;0,6;2,933
ID7835;7835;111;39,38;106,6;317,85;0;16200;27;7;1;357,465;12,884;1695,056;6,78;None;None;None;None;None;None;-10921639;1695,056;1829;408;2316;700058;433,866;11,304;0,603;2,939
ID8140;8140;111;39,176;106,6;319,15;0;16800;28;7;1;364,787;13,908;1707,002;6,293;None;None;None;None;None;None;-10921639;1707,002;1869;477;2290;704992;442,885;11,301;0,577;2,82
ID9372;9372;111;39,019;106,6;318,5;0;17400;29;7;1;359,562;13,925;1697,446;7,358;None;None;None;None;None;None;-10921639;1697,446;1848;449;2274;701045;431,972;11,306;0,581;2,889
ID9063;9063;111;39,305;107,25;318,5;0;18000;30;7;1;366,901;14,145;1713,717;6,976;None;None;None;None;None;None;-10921639;1713,717;1858;374;2326;707765;460,5;11,298;0,574;2,713
ID9680;9680;111;38,112;107,9;319,15;0;18600;31;7;1;365,402;15,579;1721,576;6,697;None;None;None;None;None;None;-10921639;1721,576;1853;530;2330;711011;429,19;11,292;0,534;2,794
ID9991;9991;111;38,043;110,5;318,5;0;19200;32;7;1;373,69;13,547;1725,661;7,547;None;None;None;None;None;None;-10921639;1725,661;1860;477;2343;712698;458,69;11,273;0,522;2,581
ID11208;11208;111;36,667;111,8;317,2;0;19800;33;7;1;375,308;15,211;1734,671;6,99;None;None;None;None;None;None;-10921639;1734,671;1867;468;2387;716419;469,793;11,272;0,491;2,431
ID10290;10290;111;35,931;111,8;317,85;0;20400;34;7;1;378,08;15,753;1737,443;7,898;None;None;None;None;None;None;-10921639;1737,443;1891;439;2356;717564;480,986;11,274;0,475;2,327
ID10598;10598;111;38,143;111,8;318,5;0;21000;35;7;1;404,692;14,804;1796,85;7,622;None;None;None;None;None;None;-10921639;1796,85;1961;439;2347;742099;493,502;11,255;0,488;2,388
ID10898;10898;111;37,67;111,15;319,15;0;21600;36;7;1;406,295;15,496;1810,889;6,208;None;None;None;None;None;None;-10921639;1810,889;1952;621;2431;747897;473,931;11,264;0,476;2,464
ID12137;12137;111;35,836;111,15;318,5;0;22200;37;7;1;400,785;13,085;1794,627;7,378;None;None;None;None;None;None;-10921639;1794,627;1943;592;2409;741181;444,263;11,26;0,45;2,509
ID11515;11515;111;35,831;110,5;318,5;0;22800;38;7;1;400,755;15,373;1801,3;6,731;None;None;None;None;None;None;-10921639;1801,3;1945;538;2406;743937;434,739;11,273;0,452;2,581
ID11826;11826;111;36,951;109,85;319,15;0;23400;39;7;1;407,477;14,094;1812,678;7,361;None;None;None;None;None;None;-10921639;1812,678;1961;546;2438;748636;449,947;11,267;0,468;2,568
ID12440;12440;111;37,365;110,5;320,45;0;24000;40;7;1;414,722;14,344;1826,484;6,588;None;None;None;None;None;None;-10921639;1826,484;1975;635;2431;754338;451,221;11,287;0,472;2,598
ID13056;13056;111;38,314;109,2;320,45;0;24600;41;7;1;419,155;13,465;1844,191;6,995;None;None;None;None;None;None;-10921639;1844,191;1966;614;2458;761651;431,976;11,3;0,49;2,81
ID12751;12751;111;37,729;109,2;321,1;0;25200;42;7;1;409,295;12,671;1817,252;7,564;None;None;None;None;None;None;-10921639;1817,252;1941;592;2415;750525;426,612;11,293;0,487;2,791
ID13367;13367;111;39,801;109,2;321,1;0;25800;43;7;1;424,167;13,881;1846,24;7,266;None;None;None;None;None;None;-10921639;1846,24;1990;521;2424;762497;458,451;11,307;0,522;2,762
ID13664;13664;111;41,345;109,85;320,45;0;26400;44;7;1;424,571;11,312;1844,056;6,939;None;None;None;None;None;None;-10921639;1844,056;1972;504;2465;761595;462,014;11,304;0,54;2,799
ID13958;13958;111;41,62;109,85;320,45;0;27000;45;7;1;433,78;14,201;1869,116;6,603;None;None;None;None;None;None;-10921639;1869,116;2012;449;2449;771945;462,879;11,307;0,54;2,832
ID14253;14253;111;39,555;109,85;320,45;0;27600;46;7;1;396,797;11,245;1800,492;7,668;None;None;None;None;None;None;-10921639;1800,492;1909;530;2261;743603;367,573;11,35;0,556;3,499
ID14562;14562;111;41,991;111,8;321,1;0;28200;47;7;1;419,208;14,402;1859,465;6,637;None;None;None;None;None;None;-10921639;1859,465;1934;649;2265;767959;332,231;11,384;0,587;4,142
ID15172;15172;111;37,986;111,8;323,05;0;28800;48;7;1;402,477;17,266;1842,482;6,877;None;None;None;None;None;None;-10921639;1842,482;1914;913;2168;760945;242,991;15,013;0,536;5,291
ID15483;15483;111;40,167;111,8;323,7;0;29400;49;7;1;417,31;14,707;1870,501;7,433;None;None;None;None;None;None;-10921639;1870,501;1936;859;2194;772517;262,642;15,066;0,569;5,165
ID14875;14875;111;39,275;111,8;325;0;30000;50;7;1;413,692;14,518;1857,55;6,891;None;None;None;None;None;None;-10921639;1857,55;1927;864;2218;767168;268,01;11,413;0,548;4,91
ID16098;16098;111;39,391;111,8;327,6;0;30600;51;7;1;428,62;14,649;1891,4;7,237;None;None;None;None;None;None;-10921639;1891,4;1972;889;2341;781148;278,949;11,408;0,532;4,712
ID15792;15792;111;39,105;111,15;328,25;0;31200;52;7;1;419,446;15,969;1872,472;7,63;None;None;None;None;None;None;-10921639;1872,472;1963;732;2282;773331;314,497;11,379;0,522;4,083
ID16409;16409;111;38,93;109,85;328,9;0;31800;53;7;1;414,14;15,489;1856,864;7,441;None;None;None;None;None;None;-10921639;1856,864;1963;662;2320;766885;346,184;11,366;0,512;3,634
ID17033;17033;111;39,033;108,55;329,55;0;32400;54;7;1;416,363;12,303;1845,199;6,978;None;None;None;None;None;None;-10921639;1845,199;1992;495;2326;762067;402,996;11,342;0,514;3,107
ID16716;16716;111;39,185;107,9;328,9;0;33000;55;7;1;414,121;11,697;1837,685;7,276;None;None;None;None;None;None;-10921639;1837,685;1968;459;2295;758964;398,911;11,347;0,513;3,125
ID17653;17653;111;38,874;107,9;329,55;0;33600;56;7;1;430,969;14,424;1883,252;6,593;None;None;None;None;None;None;-10921639;1883,252;2014;649;2376;777783;376,296;11,343;0,489;3,288
ID17343;17343;111;39,633;107,25;330,2;0;34200;57;7;1;449,835;16,775;1933,092;7,007;None;None;None;None;None;None;-10921639;1933,092;2068;675;2479;798367;375,621;11,339;0,487;3,372
ID17969;17969;111;39,062;106,6;330,85;0;34800;58;7;1;449,823;21,533;1936,942;7,586;None;None;None;None;None;None;-10921639;1936,942;2079;554;2565;799957;401,358;11,328;0,471;3,091
ID18284;18284;111;38,329;106,6;331,5;0;35400;59;7;1;462,591;26,065;1971,77;7,506;None;None;None;None;None;None;-10921639;1971,77;2127;635;2567;814341;409,042;11,311;0,431;2,903
ID18595;18595;111;39,219;105,95;333,45;0;36000;60;7;1;474,383;28,441;1991,789;7,918;None;None;None;None;None;None;-10921639;1991,789;2153;468;2626;822609;462,194;11,291;0,439;2,628
ID18901;18901;111;39,168;105,3;334,75;0;36600;61;7;1;471,755;31,809;2003,266;8,215;None;None;None;None;None;None;-10921639;2003,266;2149;707;2641;827349;444,446;11,273;0,43;2,71
ID19221;19221;111;38,684;104,65;336,05;0;37200;62;7;1;466,395;32,131;1987,385;7,467;None;None;None;None;None;None;-10921639;1987,385;2147;656;2536;820790;437,251;11,29;0,432;2,744
ID19539;19539;111;38,5;104;338,65;0;37800;63;7;1;468,034;35,308;2000,034;8,099;None;None;None;None;None;None;-10921639;2000,034;2159;778;2492;826014;404,982;11,329;0,441;3,022
ID19858;19858;111;37,594;102,7;341,25;0;38400;64;7;1;459,804;32,431;1978,748;10,061;None;None;None;None;None;None;-10921639;1978,748;2129;738;2438;817223;383,437;11,346;0,447;3,187
ID20177;20177;111;37,581;101,4;340,6;0;39000;65;7;1;456,969;19,429;1950,956;9,731;None;None;None;None;None;None;-10921639;1950,956;2104;738;2420;805745;369,284;11,345;0,456;3,311
ID20493;20493;111;39,625;101,4;341,9;0;39600;66;7;1;477,484;18,208;1992,194;9,826;None;None;None;None;None;None;-10921639;1992,194;2161;767;2462;822776;374,019;11,346;0,471;3,411
ID21121;21121;111;39,329;101,4;342,55;0;40200;67;7;1;465,414;16,879;1959,867;13,015;None;None;None;None;None;None;-10921639;1959,867;2106;789;2395;809425;352,556;11,364;0,492;3,665
ID20806;20806;111;39,032;102,05;340,6;0;40800;68;7;1;462,901;17,918;1956,039;10,969;None;None;None;None;None;None;-10921639;1956,039;2087;738;2363;807844;350,998;11,357;0,482;3,623
ID21435;21435;111;38,032;102,7;340,6;0;41400;69;7;1;470,044;15,625;1975,119;11,107;None;None;None;None;None;None;-10921639;1975,119;2083;889;2373;815724;312,252;11,37;0,459;3,978
ID22056;22056;111;39,176;102,7;342,55;0;42000;70;7;1;479,375;15,09;1992,157;10,995;None;None;None;None;None;None;-10921639;1992,157;2125;899;2422;822761;301,787;11,404;0,489;4,338
ID21749;21749;111;36,557;102,05;341,25;0;42600;71;7;1;443,651;16,63;1932,886;13,145;None;None;None;None;None;None;-10921639;1932,886;2032;1031;2233;798282;229,914;11,44;0,478;5,44
ID22367;22367;111;36,838;102,7;342,55;0;43200;72;7;1;440,254;15,746;1922,228;13,252;None;None;None;None;None;None;-10921639;1922,228;2010;927;2280;793880;241,658;15,05;0,488;5,22
ID22671;22671;111;39,628;104,65;345,15;0;43800;73;7;1;453,027;20,913;1962,232;8,874;None;None;None;None;None;None;-10921639;1962,232;2062;1097;2360;810402;257,686;15,043;0,531;5,281
ID22973;22973;111;40,742;104,65;346,45;0;44400;74;7;1;460,533;22,366;1986,973;10,387;None;None;None;None;None;None;-10921639;1986,973;2066;1264;2406;820620;230,612;15,137;0,547;6,093
ID23281;23281;111;40,477;104;345,8;0;45000;75;7;1;453,758;20,659;1971,257;9,705;None;None;None;None;None;None;-10921639;1971,257;2032;1278;2328;814129;205,863;15,269;0,553;6,819
ID23586;23586;111;40,408;103,35;345,8;0;45600;76;7;1;446,257;20,668;1950,581;10,201;None;None;None;None;None;None;-10921639;1950,581;2019;1348;2259;805590;184,762;15,341;0,573;7,691
ID23898;23898;111;40,328;103,35;347,1;0;46200;77;7;1;443,787;18,462;1952,019;10,93;None;None;None;None;None;None;-10921639;1952,019;2023;1207;2220;806184;192,199;15,328;0,572;7,389
ID24511;24511;111;39,618;103,35;347,1;0;46800;78;7;1;432,201;15,567;1913,465;10,523;None;None;None;None;None;None;-10921639;1913,465;1988;1109;2272;790261;213,306;15,3;0,561;6,448
ID24210;24210;111;40,226;104,65;346,45;0;47400;79;7;1;446,019;17,024;1946,356;10,579;None;None;None;None;None;None;-10921639;1946,356;2029;1080;2305;803845;234,647;15,296;0,557;5,938
ID25434;25434;111;39,676;105,3;346,45;0;48000;80;7;1;448,472;17,109;1955,772;12,581;None;None;None;None;None;None;-10921639;1955,772;2034;1064;2294;807734;214,678;15,295;0,544;6,42
ID24818;24818;111;40,246;105,95;345,8;0;48600;81;7;1;451,426;17,726;1957,38;12,375;None;None;None;None;None;None;-10921639;1957,38;2051;983;2282;808398;245,667;15,272;0,55;5,652
ID26070;26070;111;39,185;106,6;345,8;0;49200;82;7;1;441,24;18,029;1937,964;9,162;None;None;None;None;None;None;-10921639;1937,964;2012;1101;2280;800379;217,74;15,276;0,538;6,228
ID25746;25746;111;38,453;107,25;347,1;0;49800;83;7;1;437,741;13,046;1919,906;7,695;None;None;None;None;None;None;-10921639;1919,906;1986;1181;2290;792921;198,991;15,382;0,541;6,774
ID25124;25124;111;41,049;107,25;347,75;0;50400;84;7;1;457,818;14,291;1969,896;7,189;None;None;None;None;None;None;-10921639;1969,896;2042;1308;2301;813567;192,772;15,321;0,582;7,522
ID26384;26384;111;40,91;107,25;345,15;0;51000;85;7;1;465,811;21,54;1998,322;7,663;None;None;None;None;None;None;-10921639;1998,322;2083;1338;2322;825307;199,751;15,282;0,559;7,173
ID27010;27010;111;41,853;106,6;345,15;0;51600;86;7;1;488,668;24,772;2053,55;9,22;None;None;None;None;None;None;-10921639;2053,55;2137;1367;2348;848116;206,17;15,257;0,552;7,084
ID26693;26693;111;42,174;107,25;345,8;0;52200;87;7;1;491,119;21,211;2051,763;9,821;None;None;None;None;None;None;-10921639;2051,763;2120;1348;2371;847378;209,658;15,24;0,558;7,012
ID27319;27319;111;40,879;107,9;345,15;0;52800;88;7;1;482,404;22,55;2035,441;9,567;None;None;None;None;None;None;-10921639;2035,441;2098;1361;2339;840637;193,511;15,227;0,539;7,366
ID27938;27938;111;40,564;107,25;344,5;0;53400;89;7;1;471,588;19,092;2005,971;8,111;None;None;None;None;None;None;-10921639;2005,971;2064;1285;2245;828466;190,972;15,249;0,547;7,432
ID28247;28247;111;42,154;106,6;343,85;0;54000;90;7;1;485,416;19,496;2038,731;11,174;None;None;None;None;None;None;-10921639;2038,731;2125;1345;2307;841996;197,931;15,277;0,565;7,44
ID27631;27631;111;42,397;106,6;345,15;0;54600;91;7;1;484,23;18,373;2030,455;9,107;None;None;None;None;None;None;-10921639;2030,455;2106;1239;2301;838578;222,153;15,271;0,566;6,61
ID28561;28561;111;41,517;107,25;345,8;0;55200;92;7;1;454,952;12;1957,54;7,235;None;None;None;None;None;None;-10921639;1957,54;2038;1268;2233;808464;203,06;15,339;0,591;7,164
ID29175;29175;111;40,014;107,25;345,15;0;55800;93;7;1;461,499;23,673;1998,717;7,145;None;None;None;None;None;None;-10921639;1998,717;2053;1271;2247;825470;195,257;15,381;0,537;7,153
ID29492;29492;111;40,824;107,25;346,45;0;56400;94;7;1;476,31;21,528;2024,915;7,441;None;None;None;None;None;None;-10921639;2024,915;2070;1332;2307;836290;191,515;15,366;0,545;7,455
ID28871;28871;111;39,265;107,25;345,8;0;57000;95;7;1;477,092;25,276;2031,109;16,334;None;None;None;None;None;None;-10921639;2031,109;2081;1328;2249;838848;182,528;15,349;0,504;7,454
ID29794;29794;111;40,516;107,9;344,5;0;57600;96;7;1;480,644;20,724;2027,107;16,177;None;None;None;None;None;None;-10921639;2027,107;2098;1351;2280;837195;201,817;15,269;0,529;6,951
ID30731;30731;111;41,47;107,25;345,15;0;58200;97;7;1;470,131;15,743;1995,104;9,002;None;None;None;None;None;None;-10921639;1995,104;2062;1189;2307;823978;195,586;15,39;0,571;7,415
ID30415;30415;111;40,6;107,9;345,8;0;58800;98;7;1;473,022;15,133;2009,726;9,308;None;None;None;None;None;None;-10921639;2009,726;2053;1479;2282;830017;146,403;15,515;0,559;9,841
ID30105;30105;111;40,249;107,9;345,15;0;59400;99;7;1;479,341;20,029;2030,266;13,596;None;None;None;None;None;None;-10921639;2030,266;2072;1436;2259;838500;171,699;15,424;0,53;8,194
ID31045;31045;111;42,226;107,9;346,45;0;60000;100;7;1;487,521;19,835;2046,901;8,334;None;None;None;None;None;None;-10921639;2046,901;2089;1424;2309;845370;168,154;15,534;0,566;8,8
ID31361;31361;111;40,523;107,25;346,45;0;60600;101;7;1;476,109;17,886;2021,496;9,077;None;None;None;None;None;None;-10921639;2021,496;2047;1522;2295;834878;150,151;15,536;0,55;9,557
ID31670;31670;111;39,182;107,9;345,8;0;61200;102;7;1;458,458;16,286;1977,431;6,354;None;None;None;None;None;None;-10921639;1977,431;2027;1345;2222;816679;162,451;15,472;0,539;8,522
ID31986;31986;111;40,539;107,25;345,15;0;61800;103;7;1;468,455;17,281;2001,327;6,833;None;None;None;None;None;None;-10921639;2001,327;2047;1424;2245;826548;150,463;15,49;0,564;9,595
ID32606;32606;111;39,064;107,9;345,8;0;62400;104;7;1;454,908;13,642;1963,153;7,446;None;None;None;None;None;None;-10921639;1963,153;1997;1268;2200;810782;152,689;15,564;0,557;9,203
ID32300;32300;111;38,648;107,25;345,15;0;63000;105;7;1;464,056;13,438;1983,368;7,697;None;None;None;None;None;None;-10921639;1983,368;2025;1427;2206;819131;133,03;15,549;0,529;10,318
ID32919;32919;111;39,856;106,6;344,5;0;63600;106;7;1;463,206;15,002;1985,213;7,533;None;None;None;None;None;None;-10921639;1985,213;2036;1383;2218;819893;150,363;15,47;0,551;9,384
ID33230;33230;111;38,678;106,6;344,5;0;64200;107;7;1;457,908;13,985;1965,714;7,939;None;None;None;None;None;None;-10921639;1965,714;2008;1427;2172;811840;146,837;15,486;0,533;9,314
ID33537;33537;111;37,962;107,25;343,85;0;64800;108;7;1;442,058;15,76;1939,416;7,709;None;None;None;None;None;None;-10921639;1939,416;1972;1396;2143;800979;130,028;15,553;0,537;10,426
ID34145;34145;111;39,445;108,55;343,85;0;65400;109;7;1;455,523;15,24;1970,697;7,794;None;None;None;None;None;None;-10921639;1970,697;2010;1325;2263;813898;149,506;15,538;0,553;9,393
ID33842;33842;111;40,715;109,2;345,8;0;66000;110;7;1;484,903;12,506;2030,354;7,034;None;None;None;None;None;None;-10921639;2030,354;2055;1517;2350;838536;138,583;15,586;0,56;10,523
ID34456;34456;111;39,18;108,55;345,15;0;66600;111;7;1;455,816;12,903;1967,896;7,789;None;None;None;None;None;None;-10921639;1967,896;2001;1452;2251;812741;126,572;15,605;0,558;11,138
ID35075;35075;111;40,498;109,2;345,8;0;67200;112;7;1;470,446;12,77;2002,247;7,249;None;None;None;None;None;None;-10921639;2002,247;2029;1399;2278;826928;133,261;15,625;0,567;10,877
ID34768;34768;111;40,274;109,85;345,8;0;67800;113;7;1;478,283;11,218;2017,833;7,639;None;None;None;None;None;None;-10921639;2017,833;2049;1548;2286;833365;131,35;15,623;0,562;11,054
ID35387;35387;111;40,729;111,8;345,15;0;68400;114;7;1;480,266;11,024;2017,237;7,254;None;None;None;None;None;None;-10921639;2017,237;2051;1281;2360;833119;158,583;15,584;0,568;9,216
ID35704;35704;111;41,783;113,1;345,8;0;69000;115;7;1;498,91;11,211;2055,838;7,046;None;None;None;None;None;None;-10921639;2055,838;2083;1338;2424;849061;165,764;15,553;0,575;9,06
ID36335;36335;111;39,711;113,1;344,5;0;69600;116;7;1;468,414;12,479;1992,772;7,286;None;None;None;None;None;None;-10921639;1992,772;2029;1358;2305;823015;149,344;15,597;0,557;9,546
ID36020;36020;111;38,505;113,75;344,5;0;70200;117;7;1;455,908;12,746;1967,801;7,153;None;None;None;None;None;None;-10921639;1967,801;1981;1508;2295;812702;131,459;15,626;0,544;10,542
ID36657;36657;111;38,024;115,7;344,5;0;70800;118;7;1;449,295;11,385;1949,671;8,184;None;None;None;None;None;None;-10921639;1949,671;1966;1214;2303;805214;164,697;15,628;0,536;8,263
ID36972;36972;111;39,948;117;345,8;0;71400;119;7;1;490,881;11,169;2037,831;6,492;None;None;None;None;None;None;-10921639;2037,831;2049;1281;2387;841624;175,482;15,545;0,542;8,164
ID37937;37937;111;40,553;118,3;346,45;0;72000;120;7;1;495,433;11,596;2047,627;7,291;None;None;None;None;None;None;-10921639;2047,627;2072;1281;2350;845670;176,744;15,501;0,551;8,231
ID37612;37612;111;38,54;118,95;345,8;0;72600;121;7;1;474,167;11,092;2002,119;6,293;None;None;None;None;None;None;-10921639;2002,119;2019;1338;2299;826875;170,969;15,492;0,526;8,073
ID38258;38258;111;39,87;118,3;343,85;0;73200;122;7;1;485,373;12,332;2032,07;7,855;None;None;None;None;None;None;-10921639;2032,07;2049;1452;2345;839245;155,303;15,566;0,545;9,229
ID37292;37292;111;40,412;117,65;343,85;0;73800;123;7;1;493,76;12,145;2048,148;7,458;None;None;None;None;None;None;-10921639;2048,148;2066;1364;2363;845885;167,36;15,564;0,547;8,658
ID38573;38573;111;40,976;116,35;343,85;0;74400;124;7;1;505,363;11,804;2070,213;7,228;None;None;None;None;None;None;-10921639;2070,213;2106;1387;2320;854998;169,425;15,554;0,553;8,706
ID38887;38887;111;40,787;116,35;343,2;0;75000;125;7;1;509,55;13,174;2081,409;7,45;None;None;None;None;None;None;-10921639;2081,409;2120;1335;2339;859622;172,398;15,568;0,544;8,511
ID39193;39193;111;40,286;115,05;342,55;0;75600;126;7;1;493,954;13,441;2051,496;8,814;None;None;None;None;None;None;-10921639;2051,496;2108;1464;2303;847268;163,105;15,518;0,536;8,78
ID39499;39499;111;39,14;115,05;341,25;0;76200;127;7;1;484,567;11,867;2028,051;7,438;None;None;None;None;None;None;-10921639;2028,051;2057;1342;2267;837585;166,557;15,604;0,528;8,417
ID39804;39804;111;38,49;115,05;341,25;0;76800;128;7;1;481,959;12,528;2023,317;7,479;None;None;None;None;None;None;-10921639;2023,317;2057;1295;2276;835630;170,916;15,597;0,52;8,101
ID40121;40121;111;39,359;114,4;341,9;0;77400;129;7;1;486,937;12,683;2027,542;6,584;None;None;None;None;None;None;-10921639;2027,542;2095;1278;2356;837375;211,158;15,473;0,524;6,602
ID40441;40441;111;40,354;115,7;343,85;0;78000;130;7;1;511,419;11,939;2077,455;7,199;None;None;None;None;None;None;-10921639;2077,455;2129;1147;2415;857989;232,681;15,544;0,523;6,135
ID40756;40756;111;40,272;115,05;343,2;0;78600;131;7;1;504,688;11,7;2063,889;6,765;None;None;None;None;None;None;-10921639;2063,889;2151;1056;2424;852386;237,91;15,429;0,523;5,954
ID41078;41078;111;38,881;115,05;343,2;0;79200;132;7;1;499,329;11,431;2049,075;6,872;None;None;None;None;None;None;-10921639;2049,075;2125;1151;2371;846268;215,9;15,455;0,508;6,397
ID41715;41715;111;38,484;114,4;341,9;0;79800;133;7;1;491,419;12,518;2037,404;7,402;None;None;None;None;None;None;-10921639;2037,404;2127;899;2437;841448;246,332;15,362;0,493;5,461
ID41394;41394;111;40,512;113,1;341,25;0;80400;134;7;1;503,022;13,777;2057,361;7,525;None;None;None;None;None;None;-10921639;2057,361;2118;1056;2522;849690;275,005;15,109;0,51;5,056
ID42030;42030;111;41,703;113,1;341,9;0;81000;135;7;1;530,695;12,421;2115,223;6,613;None;None;None;None;None;None;-10921639;2115,223;2184;1200;2541;873587;241,085;15,213;0,523;6,028
ID42675;42675;111;40,74;114,4;343,85;0;81600;136;7;1;522,649;11,847;2095,337;7,276;None;None;None;None;None;None;-10921639;2095,337;2190;1039;2525;865374;252,909;15,278;0,52;5,666
ID42350;42350;111;40,073;114,4;343,2;0;82200;137;7;1;524,228;10,998;2103,051;8,044;None;None;None;None;None;None;-10921639;2103,051;2174;1166;2511;868560;221,89;15,303;0,506;6,37
ID43000;43000;111;39,868;114,4;342,55;0;82800;138;7;1;524,247;11,077;2102,535;7,196;None;None;None;None;None;None;-10921639;2102,535;2139;1318;2483;868347;195,984;15,4;0,505;7,197
ID43331;43331;111;42,163;112,45;341,25;0;83400;139;7;1;539,983;11,845;2138,363;6,68;None;None;None;None;None;None;-10921639;2138,363;2176;1393;2556;883144;221,932;15,311;0,528;6,657
ID43658;43658;111;40,628;112,45;341,25;0;84000;140;7;1;534,639;12,867;2127,625;7,419;None;None;None;None;None;None;-10921639;2127,625;2184;1072;2532;878709;224,356;15,421;0,507;6,383
ID43989;43989;111;39,203;111,8;340,6;0;84600;141;7;1;528,01;13,058;2119,455;7,073;None;None;None;None;None;None;-10921639;2119,455;2139;1479;2516;875335;176,437;15,499;0,506;8,073
ID44314;44314;111;38,533;113,1;340,6;0;85200;142;7;1;528,45;12,191;2113,743;6,412;None;None;None;None;None;None;-10921639;2113,743;2110;1399;2587;872976;207,538;15,395;0,478;6,583
ID44643;44643;111;36,393;113,1;339,95;0;85800;143;7;1;510,518;11,872;2082,571;7,816;None;None;None;None;None;None;-10921639;2082,571;2095;1328;2453;860102;194,361;15,417;0,458;6,727
ID45300;45300;111;35,637;113,75;340,6;0;86400;144;7;1;520,199;11,148;2101,637;6,676;None;None;None;None;None;None;-10921639;2101,637;2129;1409;2462;867976;183,837;15,351;0,441;6,996
ID45622;45622;111;36,486;112,45;340,6;0;87000;145;7;1;528,322;12,172;2115,487;6,743;None;None;None;None;None;None;-10921639;2115,487;2174;1193;2490;873696;216,697;15,319;0,449;6,047
ID44967;44967;111;36,348;111,15;338;0;87600;146;7;1;511,838;12,126;2079,886;6,705;None;None;None;None;None;None;-10921639;2079,886;2123;1318;2501;858993;208,066;15,354;0,45;6,206
ID45952;45952;111;36,646;111,8;338,65;0;88200;147;7;1;528,707;12,567;2113,332;7,341;None;None;None;None;None;None;-10921639;2113,332;2166;1204;2515;872806;214,401;15,397;0,445;6,076
ID46618;46618;111;38,748;111,15;338,65;0;88800;148;7;1;535,053;10,562;2122,094;6,351;None;None;None;None;None;None;-10921639;2122,094;2176;1166;2525;876425;233,23;15,361;0,482;5,915
ID46281;46281;111;37,407;111,15;338;0;89400;149;7;1;505,383;12,058;2062,976;7,448;None;None;None;None;None;None;-10921639;2062,976;2118;1085;2504;852009;235,258;15,452;0,467;5,58
ID46937;46937;111;38,207;111,15;337,35;0;90000;150;7;1;511,574;12,085;2082,075;7,281;None;None;None;None;None;None;-10921639;2082,075;2151;1132;2479;859897;226,776;15,439;0,477;5,933
ID47260;47260;111;39,466;111,15;336,7;0;90600;151;7;1;513,228;11,504;2085,77;6,78;None;None;None;None;None;None;-10921639;2085,77;2149;1147;2488;861423;220,043;15,536;0,503;6,344
ID47915;47915;111;39,49;111,8;336,05;0;91200;152;7;1;502,55;13,075;2061,806;6,358;None;None;None;None;None;None;-10921639;2061,806;2139;983;2495;851526;245,029;15,547;0,507;5,664
ID47580;47580;111;40,758;111,8;334,1;0;91800;153;7;1;522,37;12,031;2105,886;7,332;None;None;None;None;None;None;-10921639;2105,886;2147;1250;2536;869731;200,923;15,483;0,525;7,22
ID48565;48565;111;40,318;111,8;332,8;0;92400;154;7;1;518,925;11,107;2095,591;7,404;None;None;None;None;None;None;-10921639;2095,591;2133;1072;2502;865479;217,735;15,459;0,509;6,491
ID48239;48239;111;40,66;111,15;331,5;0;93000;155;7;1;508,385;11,407;2074,431;7,264;None;None;None;None;None;None;-10921639;2074,431;2110;1204;2495;856740;208,65;15,5;0,527;6,864
ID49234;49234;111;40,465;109,85;331,5;0;93600;156;7;1;505,38;10,167;2069,613;7,259;None;None;None;None;None;None;-10921639;2069,613;2104;1520;2490;854750;168,815;15,594;0,542;8,619
ID48896;48896;111;41,848;109,85;332,15;0;94200;157;7;1;521,877;11,015;2104,019;6,387;None;None;None;None;None;None;-10921639;2104,019;2129;1537;2614;868960;184,855;15,591;0,554;8,117
ID49915;49915;111;41,547;109,85;331,5;0;94800;158;7;1;516,881;10,511;2089,736;7,046;None;None;None;None;None;None;-10921639;2089,736;2112;1452;2587;863061;187,138;15,609;0,558;7,998
ID49566;49566;111;40,118;109,85;332,15;0;95400;159;7;1;494,678;10,397;2041,884;7,763;None;None;None;None;None;None;-10921639;2041,884;2062;1132;2506;843298;204,323;15,623;0,539;6,999
ID50618;50618;111;39,153;109,2;331,5;0;96000;160;7;1;484,775;11,429;2031,729;6,93;None;None;None;None;None;None;-10921639;2031,729;2068;1281;2440;839104;178,69;15,744;0,535;7,926
ID51316;51316;111;38,786;109,2;330,85;0;96600;161;7;1;473,109;10,327;1998,295;7,257;None;None;None;None;None;None;-10921639;1998,295;2038;1085;2463;825296;207,856;15,685;0,534;6,695
ID50260;50260;111;37,234;109,2;330,2;0;97200;162;7;1;452,55;10,528;1959,092;7,598;None;None;None;None;None;None;-10921639;1959,092;1977;1166;2374;809105;173,001;15,728;0,52;7,751
ID50974;50974;111;39,218;109,2;330,2;0;97800;163;7;1;494,148;12,448;2048,84;7,203;None;None;None;None;None;None;-10921639;2048,84;2051;1261;2490;846171;178,857;15,695;0,53;7,935
ID52364;52364;111;37,373;107,25;327,6;0;98400;164;7;1;462,293;12,007;1983,622;7,16;None;None;None;None;None;None;-10921639;1983,622;1981;1399;2374;819236;152,91;15,693;0,524;8,922
ID51906;51906;111;37,686;107,25;326,95;0;99000;165;7;1;460,368;11,649;1977,092;7,634;None;None;None;None;None;None;-10921639;1977,092;2001;1328;2343;816539;172,861;15,586;0,522;7,849
ID51697;51697;111;36,094;106,6;326,95;0;99600;166;7;1;442,312;10,765;1937,988;7,3;None;None;None;None;None;None;-10921639;1937,988;1959;1387;2280;800389;158,687;15,602;0,505;8,191
ID52709;52709;111;36,948;107,25;328,9;0;100200;167;7;1;445,579;12,056;1939,45;7,015;None;None;None;None;None;None;-10921639;1939,45;1970;1116;2243;800993;213,787;15,41;0,504;6,083
ID53407;53407;111;37,067;107,25;328,9;0;100800;168;7;1;439,259;10,414;1919,324;6,995;None;None;None;None;None;None;-10921639;1919,324;1970;913;2269;792681;267,934;15,204;0,498;4,76
ID53055;53055;111;38,094;106,6;329,55;0;101400;169;7;1;472,511;10,421;1998,521;7,211;None;None;None;None;None;None;-10921639;1998,521;2034;1278;2330;825389;200,857;15,391;0,508;6,701
ID54778;54778;111;37,857;105,3;330,2;0;102000;170;7;1;460,889;11,673;1972,712;5,959;None;None;None;None;None;None;-10921639;1972,712;1988;1052;2417;814730;227,139;15,445;0,506;5,834
ID54430;54430;111;37,33;104;330,2;0;102600;171;7;1;458,286;10,504;1965,736;7,051;None;None;None;None;None;None;-10921639;1965,736;1999;1026;2326;811849;226,765;15,38;0,5;5,777
ID54095;54095;111;35,754;102,7;328,9;0;103200;172;7;1;438,937;10,584;1925,523;7,676;None;None;None;None;None;None;-10921639;1925,523;1970;1144;2243;795241;198,653;15,43;0,49;6,373
ID53752;53752;111;34,987;101,4;327,6;0;103800;173;7;1;433,458;10,027;1909,206;8,218;None;None;None;None;None;None;-10921639;1909,206;1975;1043;2216;788502;209,119;15,463;0,479;5,913
ID55120;55120;111;34,604;100,1;326,95;0;104400;174;7;1;424,642;9,133;1891,615;7,291;None;None;None;None;None;None;-10921639;1891,615;1950;1151;2202;781237;186,018;15,597;0,477;6,566
ID55459;55459;111;36,03;100,1;325,65;0;105000;175;7;1;460,801;10,918;1977,932;7,91;None;None;None;None;None;None;-10921639;1977,932;2021;1335;2333;816886;151,012;15,591;0,492;8,641
ID55800;55800;111;35,429;98,8;324,35;0;105600;176;7;1;447,402;10,54;1942,082;7,559;None;None;None;None;None;None;-10921639;1942,082;1966;1383;2305;802080;152,017;15,637;0,495;8,463
ID56155;56155;111;35,011;98,15;323,7;0;106200;177;7;1;431,605;11,523;1915,567;7,322;None;None;None;None;None;None;-10921639;1915,567;1948;1225;2288;791129;164,112;15,697;0,494;7,716
ID57547;57547;111;36,752;98,15;323,05;0;106800;178;7;1;457,383;10,494;1967,283;7,257;None;None;None;None;None;None;-10921639;1967,283;2008;1170;2360;812488;184,297;15,615;0,505;7,159
ID56845;56845;111;36,042;96,2;320,45;0;107400;179;7;1;446,831;9,726;1942,978;7,571;None;None;None;None;None;None;-10921639;1942,978;1981;1243;2280;802450;170,508;15,693;0,499;7,583
ID57893;57893;111;35,934;94,9;317,85;0;108000;180;7;1;455,107;10,804;1961,787;7,492;None;None;None;None;None;None;-10921639;1961,787;1990;1200;2350;810218;171,342;15,747;0,492;7,552
ID56497;56497;111;35,898;94,25;315,9;0;108600;181;7;1;453,877;11,903;1970,058;6,746;None;None;None;None;None;None;-10921639;1970,058;2005;1361;2235;813634;151,829;15,774;0,485;8,471
ID57192;57192;111;35,719;92,95;316,55;0;109200;182;7;1;456,169;10,458;1964,768;6,864;None;None;None;None;None;None;-10921639;1964,768;2021;937;2290;811449;205,934;15,828;0,477;6,159
ID58242;58242;111;37,366;94,25;315,9;0;109800;183;7;1;473,419;10,295;2004,978;7,257;None;None;None;None;None;None;-10921639;2004,978;2047;1124;2360;828056;193,805;15,838;0,496;6,856
ID58593;58593;111;37,254;94,25;313,3;0;110400;184;7;1;465,361;11,954;1991,954;6,976;None;None;None;None;None;None;-10921639;1991,954;2040;1189;2318;822677;171,061;15,803;0,503;7,796
ID58941;58941;111;37,149;94,25;312,65;0;111000;185;7;1;471,678;11,646;2005,714;8,482;None;None;None;None;None;None;-10921639;2005,714;2034;1189;2409;828360;167,692;17,895;0,502;7,991
ID59303;59303;111;37,811;93,6;312;0;111600;186;7;1;486,591;11,477;2033,402;7,702;None;None;None;None;None;None;-10921639;2033,402;2057;1345;2373;839795;157,839;15,862;0,513;8,742
ID60374;60374;111;37,938;93,6;312;0;112200;187;7;1;496,252;10,412;2054,654;7,809;None;None;None;None;None;None;-10921639;2054,654;2079;1305;2345;848572;159,145;15,788;0,504;8,657
ID60018;60018;111;37,49;92,95;313,3;0;112800;188;7;1;499,777;9,358;2057,513;7,075;None;None;None;None;None;None;-10921639;2057,513;2074;1358;2398;849753;151,421;15,76;0,494;8,991
ID60740;60740;111;36,358;91,65;312,65;0;113400;189;7;1;490,339;11,533;2044,104;8,387;None;None;None;None;None;None;-10921639;2044,104;2062;1367;2335;844215;161,935;15,774;0,475;8,126
ID59662;59662;111;35,643;89,05;312,65;0;114000;190;7;1;476,649;10,24;2008,148;7,148;None;None;None;None;None;None;-10921639;2008,148;2049;1274;2269;829365;175,275;15,602;0,468;7,3
ID61106;61106;111;35,613;88,4;312,65;0;114600;191;7;1;484,93;10,174;2026,559;6,86;None;None;None;None;None;None;-10921639;2026,559;2064;1458;2257;836969;159,19;15,67;0,457;7,984
ID61470;61470;111;36,958;87,75;312;0;115200;192;7;1;489,01;9,85;2036,484;6,586;None;None;None;None;None;None;-10921639;2036,484;2079;1371;2311;841068;176,011;15,628;0,475;7,457
ID62903;62903;111;36,484;87,75;312;0;115800;193;7;1;475,489;10;2006,937;7,356;None;None;None;None;None;None;-10921639;2006,937;2072;1345;2251;828865;182,89;15,656;0,473;7,045
ID61834;61834;111;36,646;87,75;312,65;0;116400;194;7;1;479,397;9,416;2011,567;8,886;None;None;None;None;None;None;-10921639;2011,567;2070;1254;2326;830777;199,283;15,642;0,474;6,488
ID62544;62544;111;37,339;86,45;314,6;0;117000;195;7;1;495,453;9,605;2044,615;7,453;None;None;None;None;None;None;-10921639;2044,615;2106;1342;2337;844426;198,172;15,562;0,469;6,591
ID62180;62180;111;38,544;85,8;313,95;0;117600;196;7;1;505,811;11,109;2068,758;7,015;None;None;None;None;None;None;-10921639;2068,758;2129;1328;2345;854397;204,543;15,567;0,487;6,622
ID63620;63620;111;39,795;85,8;313,3;0;118200;197;7;1;512,407;10,262;2079,622;7,199;None;None;None;None;None;None;-10921639;2079,622;2149;1364;2363;858884;200,687;15,501;0,503;6,932
ID63263;63263;111;39,13;85,8;313,95;0;118800;198;7;1;513,99;9,988;2089,327;7,712;None;None;None;None;None;None;-10921639;2089,327;2133;1335;2387;862892;174,829;15,753;0,492;7,884
ID63978;63978;111;38,762;85,8;314,6;0;119400;199;7;1;513;9,777;2087,908;7,492;None;None;None;None;None;None;-10921639;2087,908;2137;1308;2376;862306;185,541;15,864;0,488;7,38
ID64332;64332;111;38,265;86,45;314,6;0;120000;200;7;1;504,395;10,492;2072,741;7,705;None;None;None;None;None;None;-10921639;2072,741;2114;1439;2320;856042;154,166;15,852;0,495;8,908
ID65063;65063;111;38,046;88,4;316,55;0;120600;201;7;1;508,349;10,167;2080,504;8,061;None;None;None;None;None;None;-10921639;2080,504;2118;1452;2320;859248;144,469;15,933;0,5;9,599
ID64705;64705;111;37,637;89,05;316,55;0;121200;202;7;1;510,002;10,232;2087,564;6,971;None;None;None;None;None;None;-10921639;2087,564;2114;1499;2294;862164;135,597;15,904;0,491;10,141
ID66149;66149;111;37,755;88,4;315,9;0;121800;203;7;1;510,228;11,123;2086,16;7,654;None;None;None;None;None;None;-10921639;2086,16;2129;1361;2295;861584;145,64;15,787;0,492;9,448
ID65783;65783;111;37,928;87,75;315,25;0;122400;204;7;1;502,324;11,479;2073,666;6,569;None;None;None;None;None;None;-10921639;2073,666;2116;1464;2267;856424;134,596;15,806;0,495;10,209
ID66513;66513;111;38,617;85,8;313,3;0;123000;205;7;1;503,625;11,847;2070,257;7,412;None;None;None;None;None;None;-10921639;2070,257;2112;1409;2311;855016;168,097;15,468;0,494;8,149
ID65416;65416;111;39,958;84,5;312;0;123600;206;7;1;525,988;10,642;2113,383;7,429;None;None;None;None;None;None;-10921639;2113,383;2143;1490;2345;872827;162,597;15,514;0,509;8,771
ID66877;66877;111;38,948;84,5;311,35;0;124200;207;7;1;526,847;11,053;2121,361;7,574;None;None;None;None;None;None;-10921639;2121,361;2147;1587;2324;876122;132,161;15,663;0,498;10,667
ID67243;67243;111;40,16;83,85;311,35;0;124800;208;7;1;544,627;10,91;2152,09;7,935;None;None;None;None;None;None;-10921639;2152,09;2202;1470;2424;888813;167,05;15,662;0,508;8,678
ID67973;67973;111;39,526;84,5;312;0;125400;209;7;1;544,167;12,131;2158,717;7,508;None;None;None;None;None;None;-10921639;2158,717;2178;1738;2413;891550;117,631;15,81;0,509;12,383
ID69444;69444;111;40,744;85,8;312,65;0;126000;210;7;1;553,937;18,528;2192,809;8,291;None;None;None;None;None;None;-10921639;2192,809;2212;1748;2460;905630;114,943;15,934;0,526;13,148
ID68341;68341;111;43,034;85,8;312,65;0;126600;211;7;1;570,678;20,622;2227,24;7,743;None;None;None;None;None;None;-10921639;2227,24;2231;1763;2481;919850;120,882;15,898;0,532;12,803
ID67616;67616;111;38,907;83,85;310,7;0;127200;212;7;1;533,978;11,809;2136,341;8,162;None;None;None;None;None;None;-10921639;2136,341;2155;1545;2345;882309;118,557;15,737;0,495;11,936
ID69084;69084;111;40,425;83,85;311,35;0;127800;213;7;1;548,145;10,015;2162,54;6,772;None;None;None;None;None;None;-10921639;2162,54;2176;1598;2354;893129;127,728;15,784;0,512;11,474
ID68711;68711;111;39,125;83,85;309,4;0;128400;214;7;1;531,228;12,37;2132,274;7,462;None;None;None;None;None;None;-10921639;2132,274;2159;1499;2413;880629;130,88;15,909;0,504;10,913
ID69820;69820;111;40,034;83,2;311,35;0;129000;215;7;1;528,908;12,024;2124,591;8,412;None;None;None;None;None;None;-10921639;2124,591;2176;1424;2369;877456;172,498;15,699;0,506;8,275
ID70195;70195;111;42,272;84,5;310,7;0;129600;216;7;1;568,087;9,489;2193,969;7,245;None;None;None;None;None;None;-10921639;2193,969;2212;1705;2460;906109;123,579;15,815;0,534;12,368
ID70568;70568;111;44,869;86,45;312;0;130200;217;7;1;602,015;12,029;2268,896;6,63;None;None;None;None;None;None;-10921639;2268,896;2309;1639;2556;937054;155,727;15,668;0,548;10,314
ID70952;70952;111;45,056;86,45;312,65;0;130800;218;7;1;613,998;10,111;2281,671;6,6;None;None;None;None;None;None;-10921639;2281,671;2341;1409;2619;942330;202,731;15,578;0,534;7,834
ID72081;72081;111;43,589;85,8;312,65;0;131400;219;7;1;593,753;9,993;2244,08;8,041;None;None;None;None;None;None;-10921639;2244,08;2305;1374;2573;926805;189,085;15,604;0,528;8,199
ID71332;71332;111;43,534;84,5;312,65;0;132000;220;7;1;595,637;10,685;2248,666;8,557;None;None;None;None;None;None;-10921639;2248,666;2286;1325;2619;928699;183,678;15,708;0,524;8,422
ID72457;72457;111;42,679;83,85;312;0;132600;221;7;1;572,23;10,794;2204,981;7,027;None;None;None;None;None;None;-10921639;2204,981;2218;1574;2556;910657;140,885;15,692;0,533;10,879
ID71710;71710;111;41,362;83,85;310,7;0;133200;222;7;1;562,535;10,111;2187,138;7,027;None;None;None;None;None;None;-10921639;2187,138;2186;1593;2515;903288;122,316;15,734;0,52;12,241
ID72832;72832;111;40,228;83,85;312;0;133800;223;7;1;554,443;11;2172,637;7,203;None;None;None;None;None;None;-10921639;2172,637;2170;1692;2506;897299;121,405;15,746;0,51;12,09
ID73212;73212;111;40,515;83,2;311,35;0;134400;224;7;1;570,426;10,165;2203,731;7,632;None;None;None;None;None;None;-10921639;2203,731;2218;1718;2561;910141;116,566;15,798;0,511;12,788
ID73590;73590;111;40,054;82,55;313,3;0;135000;225;7;1;536,489;10,409;2134,741;7,564;None;None;None;None;None;None;-10921639;2134,741;2145;1387;2467;881648;165,265;15,695;0,517;8,804
ID73964;73964;111;38,878;81,25;311,35;0;135600;226;7;1;530,131;11,508;2126,952;7,034;None;None;None;None;None;None;-10921639;2126,952;2157;1383;2422;878431;152,119;15,799;0,497;9,281
ID74343;74343;111;39,436;81,25;312;0;136200;227;7;1;541,215;10,777;2142,504;7,477;None;None;None;None;None;None;-10921639;2142,504;2202;1371;2479;884854;187,159;15,665;0,488;7,506
ID74728;74728;111;39,115;79,3;309,4;0;136800;228;7;1;534,121;13,765;2143,961;8,4;None;None;None;None;None;None;-10921639;2143,961;2188;1380;2356;885456;154,926;18,54;0,485;9,045
ID75105;75105;111;39,593;78;306,15;0;137400;229;7;1;541,748;16,276;2160,138;7,748;None;None;None;None;None;None;-10921639;2160,138;2186;1576;2431;892137;136,139;15,814;0,498;10,554
ID75477;75477;111;38,028;77,35;304,85;0;138000;230;7;1;527,45;10,874;2123,729;7,494;None;None;None;None;None;None;-10921639;2123,729;2123;1692;2453;877100;115,92;18,021;0,491;12,059
ID75853;75853;111;35,87;76,7;303,55;0;138600;231;7;1;506,741;10,508;2080,051;7,835;None;None;None;None;None;None;-10921639;2080,051;2081;1645;2404;859061;105,579;18,772;0,469;12,573
ID76221;76221;111;36,579;74,1;301,6;0;139200;232;7;1;516,169;10,484;2104,085;8,358;None;None;None;None;None;None;-10921639;2104,085;2120;1817;2391;868987;108,246;18,017;0,476;12,537
ID76989;76989;111;37,261;73,45;302,25;0;139800;233;7;1;528,857;11,455;2129,324;8,23;None;None;None;None;None;None;-10921639;2129,324;2139;1783;2431;879411;98,969;17,986;0,486;14,078
ID76604;76604;111;36,631;74,1;302,25;0;140400;234;7;1;520,947;10,433;2110,714;6,959;None;None;None;None;None;None;-10921639;2110,714;2123;1751;2469;871725;111,797;15,928;0,478;12,218
ID77362;77362;111;37,707;73,45;302,9;0;141000;235;7;1;549,697;10,039;2168,574;7,475;None;None;None;None;None;None;-10921639;2168,574;2182;1639;2585;895621;124,306;15,896;0,472;11,19
ID78508;78508;111;35,094;71,5;301,6;0;141600;236;7;1;530,54;10,835;2125,32;7,186;None;None;None;None;None;None;-10921639;2125,32;2131;1181;2578;877757;202,398;15,801;0,432;6,335
ID77736;77736;111;35,555;69,55;300,3;0;142200;237;7;1;536,378;12,274;2138,184;7,649;None;None;None;None;None;None;-10921639;2138,184;2133;1342;2626;883070;188,206;15,523;0,426;6,789
ID78129;78129;111;35,924;70,2;300,95;0;142800;238;7;1;543,324;9,886;2144,453;7,177;None;None;None;None;None;None;-10921639;2144,453;2170;1229;2642;885659;210,283;15,61;0,435;6,187
ID78899;78899;111;35,287;70,85;300,95;0;143400;239;7;1;516,155;11,666;2093,395;7,6;None;None;None;None;None;None;-10921639;2093,395;2106;1396;2578;864572;195,598;15,573;0,436;6,496
ID79292;79292;111;37,331;70,2;302,25;0;144000;240;7;1;542,751;10,361;2137,988;7,617;None;None;None;None;None;None;-10921639;2137,988;2180;1345;2695;882989;239,451;15,373;0,445;5,501
ID81252;81252;111;39,193;69,55;301,6;0;144600;241;7;1;555,257;10,925;2161,252;6,954;None;None;None;None;None;None;-10921639;2161,252;2226;1026;2804;892597;312,901;15,27;0,452;4,302
ID79680;79680;111;40,123;70,2;301,6;0;145200;242;7;1;592,492;10,097;2238,726;7,065;None;None;None;None;None;None;-10921639;2238,726;2303;1247;2729;924594;248,659;15,383;0,46;5,671
ID80080;80080;111;40,796;69,55;300,3;0;145800;243;7;1;594,259;10,104;2235,695;7,763;None;None;None;None;None;None;-10921639;2235,695;2326;1068;2846;923342;307,637;15,215;0,462;4,594
ID80476;80476;111;42,491;68,9;299,65;0;146400;244;7;1;614,77;11,111;2281,729;7,893;None;None;None;None;None;None;-10921639;2281,729;2322;1305;2844;942354;245,179;15,434;0,496;6,174
ID80863;80863;111;42,026;69,55;299,65;0;147000;245;7;1;636,102;11,857;2328,712;8,14;None;None;None;None;None;None;-10921639;2328,712;2369;1436;2839;961758;230,487;15,515;0,479;6,549
ID81644;81644;111;42,981;69,55;300,3;0;147600;246;7;1;674,579;11,254;2398,228;7,743;None;None;None;None;None;None;-10921639;2398,228;2415;1707;2867;990468;199,797;15,547;0,475;7,73
ID82036;82036;111;42,228;70,2;300,3;0;148200;247;7;1;666,475;10,571;2376,872;8,213;None;None;None;None;None;None;-10921639;2376,872;2409;1620;2922;981648;217,698;15,583;0,467;6,948
ID82427;82427;111;42,023;70,85;300,95;0;148800;248;7;1;641,443;11,431;2336,121;8,492;None;None;None;None;None;None;-10921639;2336,121;2389;1271;2905;964818;258,763;15,521;0,474;5,804
ID82816;82816;111;42,994;70,2;300,3;0;149400;249;7;1;662,702;10,114;2370,269;7,826;None;None;None;None;None;None;-10921639;2370,269;2418;1493;2853;978921;212,052;15,522;0,487;7,317
ID83598;83598;111;44,827;70,2;300,95;0;150000;250;7;1;679,831;11,46;2399,973;9,877;None;None;None;None;None;None;-10921639;2399,973;2465;1308;2958;991189;256,586;15,395;0,505;6,276
ID83212;83212;111;45,67;68,9;300,3;0;150600;251;7;1;716,523;11,148;2460,666;8,743;None;None;None;None;None;None;-10921639;2460,666;2532;1387;2987;1016255;267,356;15,366;0,492;6,068
ID83992;83992;111;42,78;68,25;299,65;0;151200;252;7;1;656,121;10,351;2360;7,923;None;None;None;None;None;None;-10921639;2360;2409;1427;2758;974680;211,234;15,575;0,491;7,36
ID84397;84397;111;40,839;68,25;300,3;0;151800;253;7;1;626,787;10,571;2311,7;8,332;None;None;None;None;None;None;-10921639;2311,7;2348;1473;2716;954732;172,782;15,728;0,481;8,695
ID84798;84798;111;39,199;70,2;301,6;0;152400;254;7;1;617,579;10,741;2285,792;9,031;None;None;None;None;None;None;-10921639;2285,792;2292;1473;2750;944032;203,133;15,679;0,478;7,281
ID85183;85183;111;40,111;71,5;300,95;0;153000;255;7;1;651,136;10,346;2351,816;8,915;None;None;None;None;None;None;-10921639;2351,816;2341;1668;2856;971300;179,777;15,671;0,47;8,365
ID85572;85572;111;39,872;72,15;300,3;0;153600;256;7;1;656,559;11,581;2362,196;9,429;None;None;None;None;None;None;-10921639;2362,196;2363;1653;2849;975587;186,077;15,63;0,452;7,905
ID85956;85956;111;40,716;72,8;301,6;0;154200;257;7;1;662,441;11,443;2362,421;9,133;None;None;None;None;None;None;-10921639;2362,421;2389;1264;2943;975680;256,977;15,41;0,453;5,73
ID86343;86343;111;40,348;72,8;302,25;0;154800;258;7;1;657,375;10,375;2350,804;9,901;None;None;None;None;None;None;-10921639;2350,804;2393;1085;2947;970882;293,437;15,379;0,448;4,956
ID87119;87119;111;40,266;72,15;302,25;0;155400;259;7;1;672,755;9,889;2384,189;11,719;None;None;None;None;None;None;-10921639;2384,189;2395;1377;2922;984670;223,408;15,52;0,442;6,547
ID86728;86728;111;40,172;72,8;301,6;0;156000;260;7;1;653,804;10,559;2345,763;10,303;None;None;None;None;None;None;-10921639;2345,763;2398;1097;2878;968800;285,231;15,402;0,449;5,099
ID87503;87503;111;38,445;72,15;301,6;0;156600;261;7;1;618,845;10,869;2282,649;12,363;None;None;None;None;None;None;-10921639;2282,649;2335;978;2835;942734;300,768;15,485;0,435;4,6
ID87890;87890;111;37,3;74,1;300,95;0;157200;262;7;1;634,179;11,45;2312,62;15,007;None;None;None;None;None;None;-10921639;2312,62;2332;1068;2910;955112;280,191;15,431;0,417;4,858
ID88662;88662;111;38,767;75,4;303,55;0;157800;263;7;1;638,758;10,315;2307,632;10,872;None;None;None;None;None;None;-10921639;2307,632;2369;767;3040;953052;374,088;15,158;0,414;3,611
ID88275;88275;111;40,27;76,05;301,6;0;158400;264;7;1;667,811;10,976;2362,903;14,697;None;None;None;None;None;None;-10921639;2362,903;2398;978;3128;975879;368,935;15,069;0,424;3,817
ID89047;89047;111;38,423;76,05;301,6;0;159000;265;7;1;654,886;12,39;2333,884;21,978;None;None;None;None;None;None;-10921639;2333,884;2422;755;3086;963894;414,433;11,407;0,392;3,17
ID90571;90571;111;36,217;75,4;301,6;0;159600;266;7;1;645,453;12,213;2328,729;28,412;None;None;None;None;None;None;-10921639;2328,729;2389;942;2993;961765;343,103;15,116;0,384;3,764
ID89428;89428;111;36,006;76,05;302,25;0;160200;267;7;1;624,148;10,24;2275,015;20,831;None;None;None;None;None;None;-10921639;2275,015;2339;784;2961;939581;391,368;11,44;0,379;3,195
ID89814;89814;111;36,831;75,4;301,6;0;160800;268;7;1;669,431;13,823;2382,516;32,213;None;None;None;None;None;None;-10921639;2382,516;2384;1325;3028;983979;271,926;15,28;0,391;4,928
ID90189;90189;111;36,265;75,4;300,95;0;161400;269;7;1;666,363;12,734;2370,518;50,363;None;None;None;None;None;None;-10921639;2370,518;2384;1295;3063;979024;291,005;15,241;0,388;4,558
ID90941;90941;111;37,694;73,45;299,65;0;162000;270;7;1;709,867;15,976;2464,995;71,814;None;None;None;None;None;None;-10921639;2464,995;2479;1642;3043;1018043;227,229;15,562;0,401;6,212
ID91318;91318;111;38,422;72,15;299,65;0;162600;271;7;1;714,324;16,76;2474,61;73,443;None;None;None;None;None;None;-10921639;2474,61;2508;1718;2972;1022014;234,405;15,597;0,421;6,251
ID91704;91704;111;39,934;71,5;299,65;0;163200;272;7;1;729,857;17,663;2500,412;92,523;None;None;None;None;None;None;-10921639;2500,412;2537;1647;2998;1032670;242,717;15,536;0,435;6,243
ID92473;92473;111;39,585;70,85;297,7;0;163800;273;7;1;723,588;14,649;2481,123;45,206;None;None;None;None;None;None;-10921639;2481,123;2499;1836;3022;1024704;243,699;15,462;0,427;6,096
ID92088;92088;111;41,067;70,2;298,35;0;164400;274;7;1;746,891;17,443;2522,731;47,366;None;None;None;None;None;None;-10921639;2522,731;2529;1773;3148;1041888;256,173;15,398;0,448;6,09
ID92870;92870;111;41,398;70,2;297,7;0;165000;275;7;1;754,484;23,015;2544,68;57,828;None;None;None;None;None;None;-10921639;2544,68;2561;1705;3132;1050953;264,333;15,444;0,458;6,047
ID93250;93250;111;44,078;70,85;299;0;165600;276;7;1;807,564;20,245;2625,874;46,465;None;None;None;None;None;None;-10921639;2625,874;2657;1517;3236;1084486;278,171;15,409;0,469;6,024
ID93637;93637;111;45,66;69,55;299;0;166200;277;7;1;789,23;22,845;2603,145;44,419;None;None;None;None;None;None;-10921639;2603,145;2622;1377;3193;1075099;280,635;15,299;0,477;5,99
ID94034;94034;111;46,895;70,2;299,65;0;166800;278;7;1;811,293;19,731;2634,879;37,608;None;None;None;None;None;None;-10921639;2634,879;2664;1322;3241;1088205;292,381;15,382;0,48;5,846
ID94423;94423;111;47,386;70,2;299,65;0;167400;279;7;1;829,23;18,751;2661,6;31,801;None;None;None;None;None;None;-10921639;2661,6;2684;1557;3253;1099241;266,892;15,302;0,481;6,476
ID94812;94812;111;47,712;70,85;300,3;0;168000;280;7;1;841,826;19,533;2675,801;27,806;None;None;None;None;None;None;-10921639;2675,801;2703;1338;3399;1105106;323,01;15,311;0,488;5,436
ID95201;95201;111;46,198;70,85;299;0;168600;281;7;1;808,923;18,869;2623,237;22,019;None;None;None;None;None;None;-10921639;2623,237;2659;1367;3286;1083397;318,743;15,336;0,486;5,385
ID95592;95592;111;44,694;72,15;299;0;169200;282;7;1;812,443;16,712;2630,877;26,048;None;None;None;None;None;None;-10921639;2630,877;2652;1568;3248;1086552;272,543;15,354;0,461;6,087
ID95984;95984;111;43,749;73,45;299,65;0;169800;283;7;1;792,387;12,61;2583,889;45,462;None;None;None;None;None;None;-10921639;2583,889;2607;1120;3325;1067146;359,266;15,217;0,436;4,367
ID96381;96381;111;43,106;72,8;300,95;0;170400;284;7;1;774,203;13,564;2557,579;27,663;None;None;None;None;None;None;-10921639;2557,579;2616;1005;3238;1056280;343,075;15,369;0,435;4,517
ID96770;96770;111;42,09;72,15;300,95;0;171000;285;7;1;752,884;11,567;2516,874;18,484;None;None;None;None;None;None;-10921639;2516,874;2611;879;3028;1039469;351,03;15,387;0,435;4,345
ID97171;97171;111;42,369;72,8;300,95;0;171600;286;7;1;750,339;10,254;2509,47;14,186;None;None;None;None;None;None;-10921639;2509,47;2582;951;3097;1036411;342,359;15,33;0,435;4,444
ID97564;97564;111;43,067;73,45;301,6;0;172200;287;7;1;795,305;15,218;2591,09;26,203;None;None;None;None;None;None;-10921639;2591,09;2666;1018;3143;1070120;336,973;15,267;0,428;4,61
ID97964;97964;111;44,836;73,45;302,25;0;172800;288;7;1;836,874;13,864;2661,019;25,266;None;None;None;None;None;None;-10921639;2661,019;2716;1409;3128;1099001;273,81;15,182;0,436;5,904
ID98361;98361;111;42,636;74,75;302,25;0;173400;289;7;1;812,288;12,661;2614,552;33,085;None;None;None;None;None;None;-10921639;2614,552;2654;1109;3100;1079810;317,007;15,217;0,409;4,792
ID98752;98752;111;42,212;74,75;302,25;0;174000;290;7;1;799,736;11,85;2595,199;21,462;None;None;None;None;None;None;-10921639;2595,199;2646;1147;3120;1071817;299,674;15,215;0,408;5,021
ID99553;99553;111;43,365;75,4;300,95;0;174600;291;7;1;840,724;11,864;2662,472;33,194;None;None;None;None;None;None;-10921639;2662,472;2682;1312;3211;1099601;283,251;15,19;0,397;5,346
ID99942;99942;111;46,359;74,75;300,95;0;175200;292;7;1;841,218;11,758;2656,09;34,235;None;None;None;None;None;None;-10921639;2656,09;2744;1243;3226;1096965;305,158;15,102;0,431;5,243
ID99153;99153;111;49,861;75,4;301,6;0;175800;293;7;1;859,869;12,087;2683,245;35,564;None;None;None;None;None;None;-10921639;2683,245;2788;1105;3308;1108180;371,848;11,425;0,46;4,547
ID100346;100346;111;48,316;75,4;302,25;0;176400;294;7;1;829,772;10,065;2636,552;18,7;None;None;None;None;None;None;-10921639;2636,552;2713;1312;3124;1088896;333,423;15,068;0,457;4,964
ID100749;100749;111;47,907;75,4;300,3;0;177000;295;7;1;844,504;12,465;2659,743;18,308;None;None;None;None;None;None;-10921639;2659,743;2739;1351;3164;1098474;319,993;15,147;0,455;5,197
ID101139;101139;111;43,625;74,75;300,95;0;177600;296;7;1;775,523;9,879;2550,719;14,436;None;None;None;None;None;None;-10921639;2550,719;2594;1361;3103;1053447;277,755;15,272;0,435;5,568
ID101539;101539;111;44,361;73,45;301,6;0;178200;297;7;1;773,341;9,954;2548,564;12,581;None;None;None;None;None;None;-10921639;2548,564;2597;1170;3279;1052557;325,924;15,118;0,443;4,804
ID101946;101946;111;44,567;72,8;301,6;0;178800;298;7;1;784,056;10,833;2568,562;14,707;None;None;None;None;None;None;-10921639;2568,562;2627;1268;3311;1060816;327,273;15,126;0,442;4,81
ID102748;102748;111;45,041;72,15;301,6;0;179400;299;7;1;800,044;12,782;2594,559;15,211;None;None;None;None;None;None;-10921639;2594,559;2629;1257;3459;1071553;356,469;15,089;0,436;4,418
ID102347;102347;111;44,919;72,8;300,95;0;180000;300;7;1;791,298;10,901;2574,484;16,637;None;None;None;None;None;None;-10921639;2574,484;2669;1207;3287;1063262;390,312;11,442;0,449;4,085
ID103157;103157;111;42,777;72,8;300,95;0;180600;301;7;1;759,131;11,366;2521,409;16,472;None;None;None;None;None;None;-10921639;2521,409;2575;1060;3136;1041342;362,907;15,149;0,437;4,223
ID103556;103556;111;43,885;72,8;301,6;0;181200;302;7;1;783,155;9,91;2556,133;15,363;None;None;None;None;None;None;-10921639;2556,133;2597;918;3325;1055683;418,38;15,171;0,429;3,667
ID104358;104358;111;44,356;73,45;300,95;0;181800;303;7;1;826,392;11,092;2629,719;15,249;None;None;None;None;None;None;-10921639;2629,719;2670;1101;3465;1086074;408,539;15,065;0,418;3,797
ID103954;103954;111;43,564;74,1;300,3;0;182400;304;7;1;826,569;10,884;2633,736;15,874;None;None;None;None;None;None;-10921639;2633,736;2647;1254;3384;1087733;358,398;15,181;0,419;4,339
ID104760;104760;111;43,116;73,45;300,3;0;183000;305;7;1;812,32;11,383;2604,714;16,644;None;None;None;None;None;None;-10921639;2604,714;2617;1348;3475;1075747;413,888;15,075;0,42;3,72
ID105960;105960;111;44,062;74,75;299,65;0;183600;306;7;1;842,271;9,07;2652,826;16,983;None;None;None;None;None;None;-10921639;2652,826;2667;1449;3539;1095617;395,35;15,03;0,413;3,922
ID105569;105569;111;45,722;75,4;300,3;0;184200;307;7;1;874,332;10,525;2709,099;15,148;None;None;None;None;None;None;-10921639;2709,099;2766;1522;3494;1118858;389,321;15,087;0,408;4,032
ID105171;105171;111;47,519;75,4;300,95;0;184800;308;7;1;866,685;11,259;2687,063;13,714;None;None;None;None;None;None;-10921639;2687,063;2766;1525;3520;1109757;445,151;11,441;0,431;3,637
ID106370;106370;111;51,219;73,45;301,6;0;185400;309;7;1;874,266;10,489;2676,7;11,552;None;None;None;None;None;None;-10921639;2676,7;2833;983;3493;1105477;571,098;11,341;0,444;2,882
ID106770;106770;111;54,005;74,1;302,25;0;186000;310;7;1;951,872;11,295;2800,932;17,354;None;None;None;None;None;None;-10921639;2800,932;3017;965;3497;1156785;590,33;11,33;0,446;2,927
ID107962;107962;111;54,862;73,45;302,25;0;186600;311;7;1;970,058;13,494;2827,295;27,923;None;None;None;None;None;None;-10921639;2827,295;3031;656;3553;1167673;617,855;11,3;0,444;2,812
ID107166;107166;111;51,822;74,75;302,25;0;187200;312;7;1;922,09;11,896;2766,504;19,327;None;None;None;None;None;None;-10921639;2766,504;2981;833;3341;1142566;532,98;11,352;0,44;3,173
ID107561;107561;111;50,3;74,1;304,2;0;187800;313;7;1;920,935;13,683;2754,441;30,274;None;None;None;None;None;None;-10921639;2754,441;2955;614;3490;1137584;601,174;11,334;0,422;2,719
ID109158;109158;111;50,347;74,1;303,55;0;188400;314;7;1;942,249;11,339;2806,061;20,85;None;None;None;None;None;None;-10921639;2806,061;2970;879;3440;1158903;510,713;11,359;0,422;3,26
ID108361;108361;111;52,561;74,75;302,9;0;189000;315;7;1;970,116;15,567;2852,763;26,835;None;None;None;None;None;None;-10921639;2852,763;2984;1047;3466;1178191;487,976;11,395;0,453;3,645
ID108753;108753;111;52,712;75,4;302,25;0;189600;316;7;1;1007,588;13,61;2901,932;12,341;None;None;None;None;None;None;-10921639;2901,932;3032;1136;3692;1198498;498,643;11,408;0,445;3,582
ID109552;109552;111;50,314;74,75;302,25;0;190200;317;7;1;982,734;12,165;2872,964;17;None;None;None;None;None;None;-10921639;2872,964;2967;1080;3580;1186534;451,404;15,033;0,441;3,893
ID109954;109954;111;51,95;75,4;300,3;0;190800;318;7;1;1029,877;12,562;2946,833;15,194;None;None;None;None;None;None;-10921639;2946,833;3014;1590;3717;1217042;385,345;11,442;0,436;4,641
ID110364;110364;111;50,196;74,75;300,95;0;191400;319;7;1;999,068;12,153;2896,901;13,782;None;None;None;None;None;None;-10921639;2896,901;2977;1402;3706;1196420;418,356;11,44;0,424;4,125
ID110761;110761;111;49,38;74,75;300,3;0;192000;320;7;1;1012,334;11,891;2925,603;13,932;None;None;None;None;None;None;-10921639;2925,603;2993;1748;3603;1208274;362,533;15,049;0,409;4,686
ID111159;111159;111;48,627;72,8;300,3;0;192600;321;7;1;996,431;12,462;2902,061;13,995;None;None;None;None;None;None;-10921639;2902,061;2993;1351;3450;1198551;397,673;15,103;0,399;4,159
ID111948;111948;111;48,894;72,8;301,6;0;193200;322;7;1;996,663;13,525;2901,518;9,831;None;None;None;None;None;None;-10921639;2901,518;3008;1361;3446;1198327;390,778;11,425;0,403;4,263
ID111560;111560;111;48,715;73,45;300,3;0;193800;323;7;1;991,743;14,76;2899,709;13,395;None;None;None;None;None;None;-10921639;2899,709;2970;1756;3392;1197580;338,492;15,149;0,413;5,007
ID112341;112341;111;49,063;73,45;300,95;0;194400;324;7;1;994,053;14,433;2902,499;14,339;None;None;None;None;None;None;-10921639;2902,499;2974;1458;3382;1198732;364,758;15,097;0,418;4,693
ID112744;112744;111;49,42;74,75;302,25;0;195000;325;7;1;1008,564;12,487;2921,315;10,184;None;None;None;None;None;None;-10921639;2921,315;3021;1332;3389;1206503;377,02;15,155;0,413;4,531
ID113148;113148;111;48,858;75,4;301,6;0;195600;326;7;1;988,162;14,094;2897,688;12,123;None;None;None;None;None;None;-10921639;2897,688;2971;1604;3367;1196745;304,258;15,208;0,422;5,652
ID113548;113548;111;50,356;74,75;302,25;0;196200;327;7;1;1020,419;13,605;2940,663;14,785;None;None;None;None;None;None;-10921639;2940,663;2995;1502;3507;1214494;326,376;15,113;0,44;5,504
ID113953;113953;111;48,573;74,75;301,6;0;196800;328;7;1;986,252;13,964;2896,789;10,923;None;None;None;None;None;None;-10921639;2896,789;2949;1607;3520;1196374;313,663;15,15;0,416;5,423
ID114357;114357;111;50,464;75,4;302,9;0;197400;329;7;1;976,78;11,801;2870,385;8,128;None;None;None;None;None;None;-10921639;2870,385;3005;1105;3308;1185469;413,054;15,175;0,436;4,221
ID114753;114753;111;50,129;76,05;301,6;0;198000;330;7;1;990,627;13,576;2899,162;9,327;None;None;None;None;None;None;-10921639;2899,162;2981;1496;3497;1197354;343,701;15,165;0,426;5,041
ID115154;115154;111;49,37;76,7;302,25;0;198600;331;7;1;993,048;12,402;2896,298;9,392;None;None;None;None;None;None;-10921639;2896,298;2990;1218;3470;1196171;374,371;15,163;0,419;4,57
ID115549;115549;111;49,977;77,35;302,9;0;199200;332;7;1;1008,215;11,363;2919,76;9,722;None;None;None;None;None;None;-10921639;2919,76;3061;1261;3426;1205861;378,107;15,143;0,414;4,525
ID115948;115948;111;49,955;76,7;302,9;0;199800;333;7;1;990,782;9,937;2894,644;9,259;None;None;None;None;None;None;-10921639;2894,644;2935;1593;3441;1195488;306,054;15,196;0,436;5,741
ID116352;116352;111;49,365;76,05;301,6;0;200400;334;7;1;999,816;11,114;2909,031;9,351;None;None;None;None;None;None;-10921639;2909,031;2926;1565;3592;1201430;328,955;15,253;0,435;5,361
ID116745;116745;111;50,71;75,4;301,6;0;201000;335;7;1;1041,012;13,114;2964,588;13,375;None;None;None;None;None;None;-10921639;2964,588;2989;1604;3844;1224375;366,696;15,127;0,433;4,884
ID117142;117142;111;49,301;75,4;302,25;0;201600;336;7;1;1039,228;12,218;2961,387;11,705;None;None;None;None;None;None;-10921639;2961,387;2999;1548;3777;1223053;373,402;15,055;0,415;4,652
ID117544;117544;111;51,897;76,05;302,25;0;202200;337;7;1;1076,608;12,378;3007,404;9,649;None;None;None;None;None;None;-10921639;3007,404;3058;1355;3905;1242058;415,689;15,023;0,439;4,417
ID118354;118354;111;49,265;76,05;301,6;0;202800;338;7;1;1052,237;9,685;2978,91;7,559;None;None;None;None;None;None;-10921639;2978,91;3005;1668;3812;1230290;342,205;15,158;0,414;5,096
ID117949;117949;111;48,848;76,7;302,9;0;203400;339;7;1;1040,138;10,031;2966,821;9,656;None;None;None;None;None;None;-10921639;2966,821;3015;1571;3697;1225297;332,276;15,219;0,411;5,2
ID118754;118754;111;47,463;76,05;301,6;0;204000;340;7;1;1028,167;11,458;2954,521;13,554;None;None;None;None;None;None;-10921639;2954,521;3006;1689;3684;1220217;329,099;15,35;0,385;4,994
ID119167;119167;111;53,337;74,75;301,6;0;204600;341;7;1;1133,755;12,322;3098,63;15,985;None;None;None;None;None;None;-10921639;3098,63;3145;1795;3889;1279734;375,41;15,16;0,415;4,843
ID119577;119577;111;49,694;76,05;302,9;0;205200;342;7;1;1084,525;14,295;3029,349;9,85;None;None;None;None;None;None;-10921639;3029,349;3097;1433;3876;1251121;392,773;15,121;0,402;4,419
ID120394;120394;111;49,658;75,4;301,6;0;205800;343;7;1;1120,373;13,361;3075,78;13,91;None;None;None;None;None;None;-10921639;3075,78;3086;1634;3959;1270297;371,706;15,212;0,4;4,727
ID119990;119990;111;49,028;73,45;300,95;0;206400;344;7;1;1138,593;13,264;3109,249;10,998;None;None;None;None;None;None;-10921639;3109,249;3114;2038;3797;1284120;307,918;15,349;0,389;5,66
ID120797;120797;111;48,938;72,8;301,6;0;207000;345;7;1;1142,271;13,109;3123,351;12,935;None;None;None;None;None;None;-10921639;3123,351;3124;2337;3800;1289944;289,206;15,512;0,385;6,001
ID121202;121202;111;50,517;73,45;302,25;0;207600;346;7;1;1140,898;15,215;3121,542;16,416;None;None;None;None;None;None;-10921639;3121,542;3138;2125;3787;1289197;295,468;15,479;0,394;5,968
ID121606;121606;111;49,357;74,1;302,25;0;208200;347;7;1;1096,467;13,821;3056,765;10,62;None;None;None;None;None;None;-10921639;3056,765;3113;1751;3695;1262444;335,416;15,326;0,389;5,104
ID122017;122017;111;50,54;74,75;302,9;0;208800;348;7;1;1090,654;14,584;3045,385;10,242;None;None;None;None;None;None;-10921639;3045,385;3143;1565;3626;1257744;358,693;15,337;0,398;4,838
ID122425;122425;111;52,614;74,1;302,9;0;209400;349;7;1;1106,668;14,709;3062,061;12,814;None;None;None;None;None;None;-10921639;3062,061;3163;1427;3697;1264631;418,858;15,249;0,41;4,251
ID122827;122827;111;52,056;74,75;302,9;0;210000;350;7;1;1162,111;14,14;3148,673;10,45;None;None;None;None;None;None;-10921639;3148,673;3242;1751;3768;1300402;339,565;15,377;0,389;5,19
ID123644;123644;111;52,559;74,75;301,6;0;210600;351;7;1;1184,688;16,196;3175,262;9,671;None;None;None;None;None;None;-10921639;3175,262;3280;1612;3921;1311383;392,986;15,362;0,384;4,48
ID123237;123237;111;53,581;75,4;302,25;0;211200;352;7;1;1165,518;15,823;3145,312;8,085;None;None;None;None;None;None;-10921639;3145,312;3257;1449;3971;1299014;438,272;15,322;0,398;4,087
ID124880;124880;111;53,873;75,4;302,9;0;211800;353;7;1;1187,763;12,906;3174,518;8,794;None;None;None;None;None;None;-10921639;3174,518;3299;1517;3867;1311076;413,581;15,362;0,396;4,355
ID124055;124055;111;52,987;76,05;302,9;0;212400;354;7;1;1169,683;17,588;3160,128;7,983;None;None;None;None;None;None;-10921639;3160,128;3241;1763;3888;1305133;365,233;15,293;0,395;4,899
ID124465;124465;111;52,985;75,4;302,9;0;213000;355;7;1;1206,579;15,375;3215,717;8,235;None;None;None;None;None;None;-10921639;3215,717;3248;2001;3923;1328091;293,712;15,415;0,395;6,2
ID125295;125295;111;53,136;76,05;303,55;0;213600;356;7;1;1178,383;16,242;3168,523;10,712;None;None;None;None;None;None;-10921639;3168,523;3273;1528;3750;1308600;378,711;15,297;0,398;4,766
ID126133;126133;111;53,581;75,4;302,9;0;214200;357;7;1;1143,91;16,16;3121,109;9,593;None;None;None;None;None;None;-10921639;3121,109;3213;1531;3805;1289018;380,665;15,309;0,417;4,823
ID125713;125713;111;53,303;76,05;302,9;0;214800;358;7;1;1117,024;14,777;3075,351;8,915;None;None;None;None;None;None;-10921639;3075,351;3182;1348;3822;1270120;435,734;15,157;0,412;4,117
ID126550;126550;111;53,417;76,05;301,6;0;215400;359;7;1;1147,695;14,731;3126,264;9,119;None;None;None;None;None;None;-10921639;3126,264;3199;1587;3860;1291147;387,551;15,328;0,409;4,682
ID126963;126963;111;51,744;76,05;301,6;0;216000;360;7;1;1129,077;17,329;3105,751;8,833;None;None;None;None;None;None;-10921639;3105,751;3152;1758;3870;1282675;366,68;15,354;0,395;4,8
ID127377;127377;111;52,942;74,75;302,9;0;216600;361;7;1;1143,305;16,354;3121,23;8,24;None;None;None;None;None;None;-10921639;3121,23;3210;1499;3708;1289068;380,821;15,255;0,403;4,706
ID127793;127793;111;52,717;75,4;301,6;0;217200;362;7;1;1108,913;15,973;3068,107;8,143;None;None;None;None;None;None;-10921639;3068,107;3206;1380;3645;1267128;418,947;15,241;0,403;4,209
ID128211;128211;111;50,209;75,4;302,25;0;217800;363;7;1;1108,143;17,995;3066,552;8,545;None;None;None;None;None;None;-10921639;3066,552;3247;1093;3581;1266486;482,596;15,3;0,365;3,399
ID128626;128626;111;51,585;74,75;302,9;0;218400;364;7;1;1138,189;17,695;3104,724;8,639;None;None;None;None;None;None;-10921639;3104,724;3232;1068;3677;1282251;489,795;15,226;0,367;3,404
ID129053;129053;111;49,867;75,4;301,6;0;219000;365;7;1;1146,356;19,889;3115,726;8,877;None;None;None;None;None;None;-10921639;3115,726;3317;969;3616;1286795;532,092;15,28;0,352;3,049
ID129471;129471;111;49,892;72,15;302,25;0;219600;366;7;1;1183,995;15,869;3163,465;10,232;None;None;None;None;None;None;-10921639;3163,465;3339;1159;3695;1306511;514,502;11,35;0,327;3,03
ID129885;129885;111;50,456;72,15;302,25;0;220200;367;7;1;1201,511;20,697;3192,55;13,281;None;None;None;None;None;None;-10921639;3192,55;3340;1211;3771;1318523;494,427;11,391;0,335;3,241
ID130305;130305;111;48,43;72,15;301,6;0;220800;368;7;1;1106,838;20,794;3059,453;12,421;None;None;None;None;None;None;-10921639;3059,453;3204;1018;3603;1263554;505,543;11,344;0,325;2,967
ID131138;131138;111;46,77;73,45;300,95;0;221400;369;7;1;1123,516;18,475;3097,114;11,574;None;None;None;None;None;None;-10921639;3097,114;3204;1543;3522;1279108;394,782;11,412;0,32;3,802
ID130710;130710;111;48,439;71,5;300,95;0;222000;370;7;1;1136,031;21,971;3102,332;13,027;None;None;None;None;None;None;-10921639;3102,332;3256;1080;3711;1281263;520,718;11,335;0,317;2,869
ID131554;131554;111;46,554;74,75;300,95;0;222600;371;7;1;1153,857;20,799;3146,036;10,673;None;None;None;None;None;None;-10921639;3146,036;3242;1470;3535;1299313;374,31;15,225;0,32;4,07
ID132373;132373;111;46,663;77,35;302,25;0;223200;372;7;1;1096,131;16,194;3058,489;9,492;None;None;None;None;None;None;-10921639;3058,489;3178;1645;3550;1263156;413,165;15,497;0,326;3,636
ID131966;131966;111;48,01;77,35;302,25;0;223800;373;7;1;1093,448;16,109;3051,92;9,482;None;None;None;None;None;None;-10921639;3051,92;3180;1446;3684;1260443;420,261;15,356;0,342;3,698
ID132789;132789;111;47,541;78;302,9;0;224400;374;7;1;1087,513;14,247;3038,506;8,533;None;None;None;None;None;None;-10921639;3038,506;3180;1295;3630;1254903;422,282;15,173;0,343;3,677
ID133199;133199;111;47,404;78,65;304,2;0;225000;375;7;1;1045,404;14,196;2963,666;7,305;None;None;None;None;None;None;-10921639;2963,666;3202;1189;3568;1223994;499,824;11,338;0,339;3
ID133624;133624;111;49,636;78,65;303,55;0;225600;376;7;1;1054,823;13,891;2977,453;7,981;None;None;None;None;None;None;-10921639;2977,453;3202;1298;3631;1229688;496,126;11,346;0,366;3,215
ID134038;134038;111;48,855;78,65;302,9;0;226200;377;7;1;1063,748;14,373;2986,942;8,184;None;None;None;None;None;None;-10921639;2986,942;3213;1305;3528;1233607;507,418;11,326;0,349;3,048
ID134882;134882;111;49,089;77,35;303,55;0;226800;378;7;1;1078,407;15,404;3018,109;9,291;None;None;None;None;None;None;-10921639;3018,109;3230;1418;3549;1246479;489,148;11,354;0,35;3,199
ID134457;134457;111;50,285;78;303,55;0;227400;379;7;1;1029,424;14,743;2938,375;8,789;None;None;None;None;None;None;-10921639;2938,375;3143;1399;3597;1213549;513,825;11,344;0,372;3,101
ID135724;135724;111;49,906;78,65;302,9;0;228000;380;7;1;1001,53;15,961;2896,39;9,419;None;None;None;None;None;None;-10921639;2896,39;3113;1261;3604;1196209;523,923;11,325;0,376;3,023
ID135298;135298;111;51,39;78,65;302,9;0;228600;381;7;1;1056,668;14,736;2984,215;8,419;None;None;None;None;None;None;-10921639;2984,215;3189;1302;3757;1232481;479,344;11,367;0,388;3,48
ID136140;136140;111;51,544;79,3;302,9;0;229200;382;7;1;1044,588;16,976;2969,015;7,973;None;None;None;None;None;None;-10921639;2969,015;3164;1335;3711;1226203;486,468;11,352;0,389;3,421
ID136577;136577;111;51,785;79,3;302,25;0;229800;383;7;1;1046,625;16,487;2968,806;8,942;None;None;None;None;None;None;-10921639;2968,806;3127;1571;3730;1226117;477,053;11,369;0,398;3,541
ID137004;137004;111;52,825;79,95;301,6;0;230400;384;7;1;1056,823;17,15;2987,567;8,76;None;None;None;None;None;None;-10921639;2987,567;3125;1476;3785;1233865;447,058;11,388;0,413;3,91
ID137442;137442;111;55,089;79,95;301,6;0;231000;385;7;1;1107,169;15,441;3057,816;8,835;None;None;None;None;None;None;-10921639;3057,816;3177;1374;3916;1262878;444,204;11,403;0,431;4,144
ID138301;138301;111;54,297;80,6;300,3;0;231600;386;7;1;1102,567;14,898;3044,334;9,036;None;None;None;None;None;None;-10921639;3044,334;3192;1436;4024;1257310;499,911;11,379;0,417;3,582
ID137872;137872;111;54,633;79,95;301,6;0;232200;387;7;1;1110,617;15,102;3063,663;9,116;None;None;None;None;None;None;-10921639;3063,663;3195;1585;3889;1265293;434,784;11,416;0,432;4,251
ID139150;139150;111;54,675;79,3;302,25;0;232800;388;7;1;1137,211;14,53;3094,39;8,317;None;None;None;None;None;None;-10921639;3094,39;3240;1517;3932;1277983;465,361;11,403;0,422;3,948
ID138728;138728;111;54,978;80,6;304,2;0;233400;389;7;1;1123,862;13,61;3074,421;8,341;None;None;None;None;None;None;-10921639;3074,421;3265;1467;3888;1269736;493,752;11,376;0,42;3,686
ID139577;139577;111;57,386;79,95;304,2;0;234000;390;7;1;1190,116;15,08;3160,651;9,334;None;None;None;None;None;None;-10921639;3160,651;3366;1264;4074;1305349;523,286;11,374;0,423;3,592
ID139998;139998;111;56,897;79,3;304,85;0;234600;391;7;1;1190,632;13,186;3164,373;8,78;None;None;None;None;None;None;-10921639;3164,373;3373;1639;3986;1306886;511,023;11,358;0,417;3,643
ID140429;140429;111;56,067;79,3;305,5;0;235200;392;7;1;1158,312;13,724;3117,591;9,186;None;None;None;None;None;None;-10921639;3117,591;3323;1358;3937;1287565;515,387;11,358;0,414;3,54
ID141294;141294;111;57,143;78;304,85;0;235800;393;7;1;1190,46;14,046;3156,697;8,692;None;None;None;None;None;None;-10921639;3156,697;3363;1257;4060;1303716;549,821;11,349;0,411;3,347
ID140859;140859;111;57,12;78;305,5;0;236400;394;7;1;1167,182;14,944;3121,199;10,16;None;None;None;None;None;None;-10921639;3121,199;3357;1361;3845;1289055;585,093;11,306;0,408;3,091
ID141723;141723;111;57,193;77,35;305,5;0;237000;395;7;1;1165,867;13,76;3118,397;8,738;None;None;None;None;None;None;-10921639;3118,397;3358;1377;3793;1287898;597,336;11,307;0,411;3,044
ID142981;142981;111;57,705;76,7;304,2;0;237600;396;7;1;1155,596;14,373;3099,225;8,613;None;None;None;None;None;None;-10921639;3099,225;3343;1418;3800;1279980;605,644;11,318;0,425;3,052
ID142136;142136;111;57,743;76,7;306,15;0;238200;397;7;1;1182,334;13,77;3135,821;9,269;None;None;None;None;None;None;-10921639;3135,821;3378;1487;3860;1295094;615,146;11,32;0,412;2,977
ID142557;142557;111;58,323;76,05;306,15;0;238800;398;7;1;1183,354;13,673;3133,223;10,039;None;None;None;None;None;None;-10921639;3133,223;3384;1271;3841;1294021;628,651;11,311;0,416;2,928
ID143408;143408;111;56,874;76,05;305,5;0;239400;399;7;1;1157,186;15,215;3096,811;9,685;None;None;None;None;None;None;-10921639;3096,811;3340;1342;3857;1278983;637,422;11,301;0,405;2,8
ID143835;143835;111;56,913;76,05;305,5;0;240000;400;7;1;1158,254;14,525;3102,927;10,056;None;None;None;None;None;None;-10921639;3102,927;3306;1430;3801;1281509;614,448;11,318;0,408;2,928
ID145109;145109;111;59,071;74,75;306,8;0;240600;401;7;1;1194,271;13,131;3145,833;8,458;None;None;None;None;None;None;-10921639;3145,833;3369;1218;3849;1299229;627,033;11,343;0,428;3,008
ID144683;144683;111;60,838;75,4;306,15;0;241200;402;7;1;1212,123;14,702;3175,23;9,107;None;None;None;None;None;None;-10921639;3175,23;3369;1452;3869;1311370;584,558;11,373;0,453;3,386
ID144262;144262;111;60,136;74,75;306,15;0;241800;403;7;1;1199,85;11,446;3156,104;8,092;None;None;None;None;None;None;-10921639;3156,104;3374;1332;3921;1303471;585,507;11,372;0,452;3,353
ID145534;145534;111;59,504;74,75;306,8;0;242400;404;7;1;1224,165;12,373;3194,291;7,705;None;None;None;None;None;None;-10921639;3194,291;3409;1470;3807;1319242;558,057;11,392;0,44;3,498
ID145960;145960;111;58,04;74,75;305,5;0;243000;405;7;1;1198,961;11,334;3161,944;7,259;None;None;None;None;None;None;-10921639;3161,944;3365;1281;3828;1305883;556,987;11,386;0,431;3,42
ID146376;146376;111;56,846;74,75;306,15;0;243600;406;7;1;1186,947;12,637;3152,92;8,961;None;None;None;None;None;None;-10921639;3152,92;3349;1522;3759;1302156;507,191;11,402;0,426;3,714
ID146799;146799;111;59,347;74,75;307,45;0;244200;407;7;1;1214,136;12,291;3183,494;9,472;None;None;None;None;None;None;-10921639;3183,494;3392;1374;3837;1314783;541,684;11,406;0,448;3,635
ID147226;147226;111;58,853;74,1;307,45;0;244800;408;7;1;1210,835;11,801;3180,128;9,225;None;None;None;None;None;None;-10921639;3180,128;3357;1211;3860;1313393;542,223;11,417;0,447;3,621
ID148069;148069;111;61,118;74,1;307,45;0;245400;409;7;1;1223,276;12,671;3194,944;8,027;None;None;None;None;None;None;-10921639;3194,944;3413;1367;3816;1319512;558,653;11,403;0,46;3,605
ID147647;147647;111;60,901;74,75;308,75;0;246000;410;7;1;1238,247;12,7;3216,939;7,692;None;None;None;None;None;None;-10921639;3216,939;3413;1554;3855;1328596;531,745;11,419;0,459;3,806
ID149333;149333;111;58,986;75,4;308,1;0;246600;411;7;1;1219,542;10,68;3191,324;7,828;None;None;None;None;None;None;-10921639;3191,324;3378;1396;3812;1318017;535,313;11,42;0,448;3,688
ID148916;148916;111;60,176;74,75;308,1;0;247200;412;7;1;1249,642;10,489;3230,898;7,799;None;None;None;None;None;None;-10921639;3230,898;3429;1525;3889;1334361;528,009;11,426;0,45;3,798
ID148489;148489;111;59,828;74,1;308,1;0;247800;413;7;1;1207,642;11,412;3172,015;8,351;None;None;None;None;None;None;-10921639;3172,015;3365;1455;3898;1310042;552,475;11,406;0,451;3,571
ID150179;150179;111;59,59;73,45;308,1;0;248400;414;7;1;1199,257;10,942;3150,068;8,116;None;None;None;None;None;None;-10921639;3150,068;3393;1178;3955;1300978;643,307;11,358;0,438;2,982
ID149760;149760;111;59,597;73,45;307,45;0;249000;415;7;1;1191,697;11,792;3144,126;8,123;None;None;None;None;None;None;-10921639;3144,126;3379;1207;3943;1298524;625,103;11,369;0,444;3,091
ID150608;150608;111;61,328;72,8;308,1;0;249600;416;7;1;1203,436;11,387;3143,792;9,564;None;None;None;None;None;None;-10921639;3143,792;3408;923;4037;1298386;712,431;11,315;0,446;2,722
ID151032;151032;111;60,47;73,45;309,4;0;250200;417;7;1;1187,985;11,523;3134,753;7,637;None;None;None;None;None;None;-10921639;3134,753;3348;1022;3969;1294653;650,602;11,35;0,447;2,977
ID151466;151466;111;58,222;74,75;308,75;0;250800;418;7;1;1159,312;11,702;3102,094;9,479;None;None;None;None;None;None;-10921639;3102,094;3323;923;3841;1281165;621,512;11,356;0,432;3,011
ID151887;151887;111;57,512;74,1;308,1;0;251400;419;7;1;1168,036;9,729;3117,061;7,85;None;None;None;None;None;None;-10921639;3117,061;3313;1351;3840;1287346;577,842;11,358;0,419;3,185
ID153164;153164;111;57,687;74,75;309,4;0;252000;420;7;1;1172,177;11,748;3122,506;7,322;None;None;None;None;None;None;-10921639;3122,506;3344;1151;3831;1289595;598,687;11,364;0,42;3,085
ID152318;152318;111;55,262;76,05;308,75;0;252600;421;7;1;1170,804;13,169;3117,504;7,557;None;None;None;None;None;None;-10921639;3117,504;3365;1159;3810;1287529;623,027;11,368;0,396;2,84
ID152737;152737;111;56,671;75,4;308,1;0;253200;422;7;1;1201,714;10,523;3156,119;7,913;None;None;None;None;None;None;-10921639;3156,119;3408;1163;3859;1303477;624,532;11,38;0,404;2,91
ID153587;153587;111;57,074;74,75;309,4;0;253800;423;7;1;1173,879;10,206;3111,191;8,162;None;None;None;None;None;None;-10921639;3111,191;3360;1018;3841;1284922;653,563;11,353;0,412;2,778
ID154003;154003;111;57,345;74,1;308,75;0;254400;424;7;1;1219,833;10,177;3165,731;8,518;None;None;None;None;None;None;-10921639;3165,731;3410;1151;4010;1307447;706,8;11,316;0,394;2,533
ID154426;154426;111;58,41;74,1;308,1;0;255000;425;7;1;1223,644;10,09;3186,136;8,712;None;None;None;None;None;None;-10921639;3186,136;3386;1315;4052;1315874;638,094;11,331;0,411;2,909
ID155272;155272;111;56,256;73,45;308,1;0;255600;426;7;1;1175,199;11,886;3126,058;8,598;None;None;None;None;None;None;-10921639;3126,058;3357;1292;3987;1291062;613,22;11,325;0,398;2,903
ID154850;154850;111;56,766;72,8;308,1;0;256200;427;7;1;1202,266;9,763;3169,046;7,915;None;None;None;None;None;None;-10921639;3169,046;3363;1193;4077;1308816;575,867;11,323;0,397;3,128
ID155690;155690;111;56,85;74,1;307,45;0;256800;428;7;1;1237,264;11,697;3231,245;7,153;None;None;None;None;None;None;-10921639;3231,245;3392;1783;4166;1334504;485,502;15,272;0,404;3,829
ID156101;156101;111;56,538;74,1;308,1;0;257400;429;7;1;1252,37;11,763;3258,397;7,92;None;None;None;None;None;None;-10921639;3258,397;3404;1785;4189;1345718;459,658;11,374;0,397;4,032
ID156519;156519;111;54,642;75,4;308,75;0;258000;430;7;1;1224,477;9,298;3220,797;8,908;None;None;None;None;None;None;-10921639;3220,797;3340;1618;4168;1330189;449,33;15,426;0,391;4,031
ID156943;156943;111;55,286;76,05;308,75;0;258600;431;7;1;1269,901;11,031;3274,494;7,574;None;None;None;None;None;None;-10921639;3274,494;3419;1674;4199;1352366;496,828;15,36;0,38;3,629
ID157382;157382;111;53,647;75,4;307,45;0;259200;432;7;1;1259,765;10,533;3265,748;7,734;None;None;None;None;None;None;-10921639;3265,748;3362;1402;4168;1348754;475,174;15,514;0,367;3,688
ID157811;157811;111;54,452;75,4;308,1;0;259800;433;7;1;1284,666;10,533;3291,862;8,097;None;None;None;None;None;None;-10921639;3291,862;3391;1671;4177;1359539;494,99;15,345;0,368;3,581
ID158666;158666;111;54,568;74,1;306,8;0;260400;434;7;1;1278,632;11,245;3283,857;7,923;None;None;None;None;None;None;-10921639;3283,857;3415;1358;4157;1356233;526,914;11,363;0,357;3,279
ID158233;158233;111;53,777;72,8;307,45;0;261000;435;7;1;1243,262;10,455;3231,714;8,068;None;None;None;None;None;None;-10921639;3231,714;3383;1514;4141;1334698;547,493;11,331;0,352;3,073
ID159510;159510;111;53,554;72,15;308,1;0;261600;436;7;1;1259,3;15,044;3252,835;7,116;None;None;None;None;None;None;-10921639;3252,835;3413;1193;4176;1343421;549,242;11,335;0,351;3,077
ID159087;159087;111;52,971;71,5;308,1;0;262200;437;7;1;1237,453;17,034;3229,661;7,937;None;None;None;None;None;None;-10921639;3229,661;3423;1243;4014;1333850;540,008;11,345;0,352;3,115
ID159943;159943;111;55,232;71,5;309,4;0;262800;438;7;1;1241,191;18,833;3207,678;8,707;None;None;None;None;None;None;-10921639;3207,678;3524;955;4155;1324771;710,092;11,246;0,351;2,348
ID160366;160366;111;56,658;70,85;308,75;0;263400;439;7;1;1296,327;20,421;3295,339;6,84;None;None;None;None;None;None;-10921639;3295,339;3489;996;4170;1360975;623,403;11,295;0,365;2,829
ID160792;160792;111;54,375;70,2;307,45;0;264000;440;7;1;1195,521;22,731;3167,608;8,165;None;None;None;None;None;None;-10921639;3167,608;3378;978;3953;1308222;613,55;11,302;0,371;2,792
ID161656;161656;111;53,763;70,85;308,1;0;264600;441;7;1;1214,32;24,133;3202,787;9,254;None;None;None;None;None;None;-10921639;3202,787;3433;1136;4006;1322751;561,428;11,354;0,371;3,085
ID161226;161226;111;53,557;70,85;308,75;0;265200;442;7;1;1213,09;25,956;3198,983;8,373;None;None;None;None;None;None;-10921639;3198,983;3427;987;4013;1321180;570,013;11,376;0,374;3,052
ID162088;162088;111;55,865;70,85;308,75;0;265800;443;7;1;1259,492;34,518;3278,719;16,443;None;None;None;None;None;None;-10921639;3278,719;3485;1358;4054;1354111;562,502;11,339;0,372;3,163
ID162949;162949;111;54,962;71,5;310,05;0;266400;444;7;1;1280,046;39,3;3313,034;16,412;None;None;None;None;None;None;-10921639;3313,034;3532;1415;4130;1368283;544,409;11,367;0,364;3,248
ID162517;162517;111;56,1;70,2;308,75;0;267000;445;7;1;1297,538;38,68;3339,414;23,462;None;None;None;None;None;None;-10921639;3339,414;3570;1345;4144;1379178;553,7;11,345;0,368;3,247
ID163377;163377;111;54,014;70,2;308,75;0;267600;446;7;1;1278,559;33,01;3311,133;23,538;None;None;None;None;None;None;-10921639;3311,133;3494;1430;4111;1367498;514,91;11,346;0,351;3,341
ID163812;163812;111;56,56;70,2;310,05;0;268200;447;7;1;1281,833;28,278;3293,15;25,363;None;None;None;None;None;None;-10921639;3293,15;3528;1105;4129;1360071;603,363;11,333;0,379;3,001
ID164238;164238;111;56,185;70,2;310,05;0;268800;448;7;1;1271,252;15,753;3250,492;6,223;None;None;None;None;None;None;-10921639;3250,492;3488;621;4294;1342453;671,725;11,31;0,378;2,655
ID164657;164657;111;55,906;70,85;310,05;0;269400;449;7;1;1261,305;13,407;3251,458;7,971;None;None;None;None;None;None;-10921639;3251,458;3443;1225;4209;1342852;571,241;11,356;0,386;3,172
ID165090;165090;111;56,14;70,85;310,7;0;270000;450;7;1;1270,668;22,872;3267,063;7,092;None;None;None;None;None;None;-10921639;3267,063;3532;859;4122;1349297;634,379;11,329;0,38;2,837
ID165946;165946;111;55,764;70,85;310,7;0;270600;451;7;1;1271,821;14,075;3269,966;7,676;None;None;None;None;None;None;-10921639;3269,966;3455;927;4141;1350496;547,1;11,354;0,383;3,309
ID165516;165516;111;56,682;70,85;311,35;0;271200;452;7;1;1278,942;12,034;3275,157;7,467;None;None;None;None;None;None;-10921639;3275,157;3465;1052;4130;1352640;571,889;11,344;0,388;3,202
ID166376;166376;111;55,74;70,85;310,7;0;271800;453;7;1;1253,271;10,346;3240,663;7,569;None;None;None;None;None;None;-10921639;3240,663;3450;1101;4117;1338394;560,05;11,341;0,385;3,219
ID166794;166794;111;57,931;70,85;311,35;0;272400;454;7;1;1298,337;19,172;3292,145;7,007;None;None;None;None;None;None;-10921639;3292,145;3544;772;4239;1359656;681,433;11,302;0,384;2,681
ID167221;167221;111;59,838;70,2;312;0;273000;455;7;1;1324,656;23,344;3330,504;15,262;None;None;None;None;None;None;-10921639;3330,504;3568;778;4323;1375498;672,941;11,332;0,403;2,842
ID167642;167642;111;58,93;70,2;311,35;0;273600;456;7;1;1261,634;11,412;3247,201;7,736;None;None;None;None;None;None;-10921639;3247,201;3438;1225;4152;1341094;559,007;11,362;0,419;3,433
ID168069;168069;111;58,946;70,2;311,35;0;274200;457;7;1;1260,068;10,966;3231,86;6,852;None;None;None;None;None;None;-10921639;3231,86;3443;1000;4236;1334758;613,814;11,381;0,428;3,157
ID168496;168496;111;56,605;71,5;311,35;0;274800;458;7;1;1214,298;12,344;3191,593;7,201;None;None;None;None;None;None;-10921639;3191,593;3344;1250;4193;1318128;523,72;11,404;0,422;3,618
ID169777;169777;111;57,86;72,15;311,35;0;275400;459;7;1;1253,964;10,545;3242,99;8,082;None;None;None;None;None;None;-10921639;3242,99;3382;1534;4255;1339355;508,357;11,409;0,427;3,82
ID168920;168920;111;56,724;72,15;311,35;0;276000;460;7;1;1248,545;11,707;3239,099;6,753;None;None;None;None;None;None;-10921639;3239,099;3352;1645;4295;1337748;506,759;11,397;0,411;3,722
ID169348;169348;111;56,23;72,15;311,35;0;276600;461;7;1;1206,506;12,46;3164,237;7,252;None;None;None;None;None;None;-10921639;3164,237;3335;1076;4251;1306830;605,879;11,385;0,417;3,076
ID170210;170210;111;56,574;72,15;311,35;0;277200;462;7;1;1209,942;10,671;3172,956;7,395;None;None;None;None;None;None;-10921639;3172,956;3332;1124;4229;1310431;594,048;11,384;0,418;3,149
ID170637;170637;111;57,354;72,8;311,35;0;277800;463;7;1;1225,053;9,516;3193,542;7,785;None;None;None;None;None;None;-10921639;3193,542;3397;1144;4228;1318933;600,359;11,359;0,416;3,127
ID171059;171059;111;58,22;71,5;311,35;0;278400;464;7;1;1218,162;12,324;3178,828;8,157;None;None;None;None;None;None;-10921639;3178,828;3405;987;4222;1312856;644,53;11,335;0,422;2,926
ID171497;171497;111;61,416;70,85;312,65;0;279000;465;7;1;1250,68;11,659;3207,107;8,07;None;None;None;None;None;None;-10921639;3207,107;3479;932;4243;1324535;711,717;11,313;0,439;2,748
ID171923;171923;111;63,194;70,85;312;0;279600;466;7;1;1281,903;9,971;3261,985;8,104;None;None;None;None;None;None;-10921639;3261,985;3482;1214;4265;1347200;629,778;11,35;0,458;3,253
ID172782;172782;111;61,343;70,85;311,35;0;280200;467;7;1;1258,024;10,518;3221,024;7,966;None;None;None;None;None;None;-10921639;3221,024;3461;969;4260;1330283;677,756;11,33;0,44;2,904
ID173628;173628;111;60,97;70,85;311,35;0;280800;468;7;1;1279,211;10,91;3263,794;7,634;None;None;None;None;None;None;-10921639;3263,794;3446;996;4224;1347947;595,694;11,367;0,441;3,355
ID172351;172351;111;59,976;70,2;311,35;0;281400;469;7;1;1272,692;12,194;3259,484;7,455;None;None;None;None;None;None;-10921639;3259,484;3437;1056;4224;1346167;592,957;11,372;0,436;3,338
ID173206;173206;111;60,233;70,2;310,7;0;282000;470;7;1;1288,179;9,923;3245,567;8,521;None;None;None;None;None;None;-10921639;3245,567;3484;530;4287;1340419;749,356;11,333;0,43;2,607
ID174066;174066;111;59,989;69,55;311,35;0;282600;471;7;1;1261,203;12,063;3201,547;8,765;None;None;None;None;None;None;-10921639;3201,547;3494;337;4187;1322239;790,457;11,318;0,431;2,44
ID174492;174492;111;61,405;68,9;312;0;283200;472;7;1;1266,925;11,901;3197,182;8,53;None;None;None;None;None;None;-10921639;3197,182;3585;449;4179;1320436;844,129;11,273;0,431;2,283
ID174928;174928;111;64,466;68,9;312;0;283800;473;7;1;1331,385;13,063;3290,027;8,574;None;None;None;None;None;None;-10921639;3290,027;3616;419;4304;1358781;826,877;11,274;0,441;2,437
ID175784;175784;111;65,08;68,9;313,3;0;284400;474;7;1;1321,743;11,213;3289,126;7,061;None;None;None;None;None;None;-10921639;3289,126;3597;642;4286;1358409;774,567;11,273;0,447;2,622
ID177088;177088;111;66,469;68,9;313,95;0;285000;475;7;1;1325,627;11,462;3285,295;7,738;None;None;None;None;None;None;-10921639;3285,295;3614;628;4347;1356827;812,125;11,266;0,462;2,558
ID175358;175358;111;68,565;69,55;314,6;0;285600;476;7;1;1352,511;11,54;3326,763;7,138;None;None;None;None;None;None;-10921639;3326,763;3648;946;4393;1373953;781,664;11,28;0,482;2,768
ID176220;176220;111;67,18;69,55;314,6;0;286200;477;7;1;1347,182;13,356;3330,291;7,678;None;None;None;None;None;None;-10921639;3330,291;3629;1093;4423;1375410;733,352;11,294;0,471;2,909
ID176647;176647;111;67,539;69,55;313,95;0;286800;478;7;1;1349,271;11,559;3329,797;7,765;None;None;None;None;None;None;-10921639;3329,797;3597;1089;4431;1375206;724,871;11,299;0,475;2,958
ID177517;177517;111;66,405;68,9;313,95;0;287400;479;7;1;1346,906;11,697;3316,455;7,421;None;None;None;None;None;None;-10921639;3316,455;3568;688;4413;1369696;767,767;11,281;0,459;2,719
ID177946;177946;111;66,275;69,55;314,6;0;288000;480;7;1;1354,063;12,642;3324,38;7,554;None;None;None;None;None;None;-10921639;3324,38;3599;800;4371;1372969;781,031;11,285;0,455;2,663
ID178386;178386;111;64,353;69,55;315,9;0;288600;481;7;1;1343,404;12,189;3295,985;8,38;None;None;None;None;None;None;-10921639;3295,985;3624;419;4330;1361242;846,107;11,272;0,439;2,375
ID178827;178827;111;64,442;69,55;316,55;0;289200;482;7;1;1343,177;13,397;3293,177;8,005;None;None;None;None;None;None;-10921639;3293,177;3575;281;4391;1360082;862,79;11,261;0,438;2,327
ID179270;179270;111;65,992;70,85;316,55;0;289800;483;7;1;1380,402;15,496;3351,879;9,843;None;None;None;None;None;None;-10921639;3351,879;3598;459;4461;1384326;821,871;11,266;0,447;2,518
ID179709;179709;111;65,262;70,85;318,5;0;290400;484;7;1;1371,349;16,395;3348,661;10,269;None;None;None;None;None;None;-10921639;3348,661;3601;621;4362;1382997;792,471;11,279;0,44;2,584
ID180156;180156;111;65,514;70,2;319,15;0;291000;485;7;1;1382,579;18,748;3369,569;10,429;None;None;None;None;None;None;-10921639;3369,569;3623;755;4408;1391632;793,461;11,282;0,436;2,578
ID180587;180587;111;64,727;70,85;319,8;0;291600;486;7;1;1393,153;16,644;3395,429;11,492;None;None;None;None;None;None;-10921639;3395,429;3643;996;4352;1402312;706,852;11,308;0,431;2,895
ID181021;181021;111;63,813;70,2;318,5;0;292200;487;7;1;1370,903;18,852;3384,429;10,695;None;None;None;None;None;None;-10921639;3384,429;3581;1393;4232;1397769;608,499;11,337;0,436;3,375
ID181888;181888;111;64,208;70,2;319,15;0;292800;488;7;1;1382,823;19,087;3404,368;10,264;None;None;None;None;None;None;-10921639;3404,368;3585;1302;4298;1406004;611,011;11,337;0,431;3,358
ID181455;181455;111;63,942;70,2;319,8;0;293400;489;7;1;1371,903;17,264;3388,448;10,228;None;None;None;None;None;None;-10921639;3388,448;3569;1348;4191;1399429;600,967;11,34;0,433;3,405
ID182317;182317;111;65,498;69,55;320,45;0;294000;490;7;1;1371,533;17,77;3380,375;11,232;None;None;None;None;None;None;-10921639;3380,375;3590;1085;4265;1396095;664,35;11,313;0,441;3,117
ID183179;183179;111;66,218;70,85;320,45;0;294600;491;7;1;1405,165;16,61;3422,375;9,496;None;None;None;None;None;None;-10921639;3422,375;3621;1312;4342;1413441;649,341;11,316;0,44;3,223
ID182747;182747;111;66,262;70,2;320,45;0;295200;492;7;1;1407,099;18,545;3428,63;8,731;None;None;None;None;None;None;-10921639;3428,63;3604;1528;4413;1416024;631,811;11,327;0,44;3,319
ID183617;183617;111;66,821;69,55;320,45;0;295800;493;7;1;1423,036;17;3440,617;10,189;None;None;None;None;None;None;-10921639;3440,617;3644;1351;4524;1420975;666,099;11,315;0,444;3,174
ID184055;184055;111;69,175;69,55;319,8;0;296400;494;7;1;1437,678;16,613;3448,094;8,516;None;None;None;None;None;None;-10921639;3448,094;3639;1374;4669;1424063;721,773;11,294;0,456;2,993
ID184490;184490;111;66,076;68,9;319,8;0;297000;495;7;1;1385,993;14,86;3379,252;7,559;None;None;None;None;None;None;-10921639;3379,252;3639;1120;4443;1395631;741,487;11,286;0,438;2,775
ID184926;184926;111;66,526;69,55;319,8;0;297600;496;7;1;1405,264;17,644;3408,993;7,356;None;None;None;None;None;None;-10921639;3408,993;3643;1383;4465;1407914;729,633;11,297;0,435;2,834
ID185368;185368;111;66,422;69,55;321,1;0;298200;497;7;1;1398,993;16,913;3394,065;9,278;None;None;None;None;None;None;-10921639;3394,065;3629;1022;4322;1401749;756,796;11,284;0,436;2,723
ID186702;186702;111;66,439;68,9;321,75;0;298800;498;7;1;1390,62;14,881;3368,789;8,898;None;None;None;None;None;None;-10921639;3368,789;3645;1181;4346;1391310;813,976;11,26;0,429;2,486
ID185808;185808;111;64,532;68,9;321,75;0;299400;499;7;1;1383,884;16,211;3373,09;8,637;None;None;None;None;None;None;-10921639;3373,09;3636;1128;4198;1393086;765,376;11,271;0,416;2,591
ID186251;186251;111;65,499;68,9;321,1;0;300000;500;7;1;1385,775;14,535;3363,099;8,47;None;None;None;None;None;None;-10921639;3363,099;3656;1085;4369;1388960;802,863;11,259;0,422;2,487
ID187144;187144;111;65,33;68,9;321,1;0;300600;501;7;1;1374,709;13,821;3347,659;8,123;None;None;None;None;None;None;-10921639;3347,659;3637;1018;4332;1382583;798,88;11,262;0,423;2,492
ID187583;187583;111;64,869;68,9;321,1;0;301200;502;7;1;1385,097;13,831;3364,559;7,199;None;None;None;None;None;None;-10921639;3364,559;3660;1022;4327;1389563;803,928;11,257;0,415;2,456
ID188022;188022;111;64,237;68,9;320,45;0;301800;503;7;1;1337,368;13,923;3296,998;7,947;None;None;None;None;None;None;-10921639;3296,998;3602;749;4329;1361660;832,885;11,242;0,416;2,326
ID188468;188468;111;64,786;69,55;320,45;0;302400;504;7;1;1384,867;12,625;3343,041;8,237;None;None;None;None;None;None;-10921639;3343,041;3670;800;4385;1380676;876,274;11,231;0,407;2,206
ID188910;188910;111;65,073;70,2;320,45;0;303000;505;7;1;1411,516;10,23;3363,046;7,47;None;None;None;None;None;None;-10921639;3363,046;3681;879;4506;1388938;912,901;11,218;0,396;2,091
ID189346;189346;111;64,917;70,85;320,45;0;303600;506;7;1;1400,508;10,443;3326,557;7,329;None;None;None;None;None;None;-10921639;3326,557;3695;614;4512;1373868;979,432;11,206;0,399;1,938
ID190232;190232;111;64,867;71,5;321,1;0;304200;507;7;1;1422,458;10;3369,712;8,031;None;None;None;None;None;None;-10921639;3369,712;3689;800;4535;1391691;927,117;11,213;0,39;2,041
ID189791;189791;111;64,665;70,85;319,15;0;304800;508;7;1;1373,441;12,356;3304,3;9,523;None;None;None;None;None;None;-10921639;3304,3;3631;713;4446;1364676;955,46;11,214;0,403;1,986
ID190675;190675;111;65,359;72,15;321,1;0;305400;509;7;1;1433,366;12,123;3405,368;8,903;None;None;None;None;None;None;-10921639;3405,368;3721;903;4416;1406417;857,133;11,253;0,403;2,283
ID191114;191114;111;69,504;70,85;321,1;0;306000;510;7;1;1429,448;13,869;3360,913;8,027;None;None;None;None;None;None;-10921639;3360,913;3722;784;4573;1388057;1010,911;11,225;0,446;2,051
ID191552;191552;111;71,022;70,2;320,45;0;306600;511;7;1;1434,298;14,806;3391,109;9,262;None;None;None;None;None;None;-10921639;3391,109;3673;913;4519;1400528;936,74;11,233;0,462;2,29
ID191996;191996;111;71,025;70,85;321,1;0;307200;512;7;1;1459,755;15,126;3444,685;8,567;None;None;None;None;None;None;-10921639;3444,685;3675;1056;4503;1422655;856,83;11,25;0,454;2,509
ID192449;192449;111;71,12;70,2;319,8;0;307800;513;7;1;1434,496;16,08;3392,545;9,024;None;None;None;None;None;None;-10921639;3392,545;3695;1140;4538;1401121;949,172;11,211;0,452;2,226
ID193346;193346;111;65,428;70,85;321,1;0;308400;514;7;1;1375,831;14,569;3308,404;7,458;None;None;None;None;None;None;-10921639;3308,404;3637;732;4470;1366371;965,761;11,191;0,407;1,982
ID192897;192897;111;64,57;70,85;321,1;0;309000;515;7;1;1370,949;12,898;3290,08;8,027;None;None;None;None;None;None;-10921639;3290,08;3609;570;4529;1358803;999,836;11,161;0,387;1,836
ID193799;193799;111;63,502;71,5;321,1;0;309600;516;7;1;1392,07;13,046;3332,024;7,893;None;None;None;None;None;None;-10921639;3332,024;3632;675;4504;1376126;947,491;11,187;0,378;1,929
ID194247;194247;111;62,528;71,5;321,75;0;310200;517;7;1;1361,477;14,642;3291,983;8,613;None;None;None;None;None;None;-10921639;3291,983;3618;713;4449;1359589;953,949;11,192;0,379;1,897
ID194704;194704;111;62,732;71,5;321,1;0;310800;518;7;1;1369,119;13,593;3322,349;7,748;None;None;None;None;None;None;-10921639;3322,349;3585;927;4414;1372130;883,967;11,202;0,378;2,062
ID195156;195156;111;62,426;71,5;321,1;0;311400;519;7;1;1381,86;12,32;3345,179;6,535;None;None;None;None;None;None;-10921639;3345,179;3626;1060;4431;1381559;865,919;11,214;0,376;2,112
ID195607;195607;111;62,407;71,5;321,75;0;312000;520;7;1;1386,973;13,446;3342,324;8,329;None;None;None;None;None;None;-10921639;3342,324;3604;817;4400;1380380;874,272;11,206;0,375;2,085
ID197367;197367;111;65,111;71,5;322,4;0;312600;521;7;1;1441,354;13,617;3413,649;8,625;None;None;None;None;None;None;-10921639;3413,649;3710;932;4419;1409837;881,579;11,204;0,386;2,157
ID196053;196053;111;63,776;70,85;322,4;0;313200;522;7;1;1387,177;14,511;3346,964;8,293;None;None;None;None;None;None;-10921639;3346,964;3626;1009;4354;1382296;878,988;11,191;0,385;2,119
ID197814;197814;111;63,072;71,5;323,05;0;313800;523;7;1;1404,738;12,54;3373,896;8,174;None;None;None;None;None;None;-10921639;3373,896;3606;1018;4385;1393419;844,671;11,207;0,376;2,183
ID196493;196493;111;62,258;71,5;323,7;0;314400;524;7;1;1386,148;14,877;3356,971;8,475;None;None;None;None;None;None;-10921639;3356,971;3602;1039;4338;1386429;812,29;11,227;0,376;2,261
ID196932;196932;111;62,277;70,85;323,05;0;315000;525;7;1;1359,116;14,131;3324,763;7,966;None;None;None;None;None;None;-10921639;3324,763;3597;1068;4297;1373127;818,66;11,219;0,383;2,251
ID198261;198261;111;62,471;70,2;322,4;0;315600;526;7;1;1356,247;14,581;3308,734;8,976;None;None;None;None;None;None;-10921639;3308,734;3609;864;4353;1366507;868,165;11,216;0,39;2,14
ID198710;198710;111;62,369;71,5;322,4;0;316200;527;7;1;1391,051;17,031;3375,828;9,162;None;None;None;None;None;None;-10921639;3375,828;3588;1151;4350;1394217;776,02;11,248;0,385;2,42
ID199155;199155;111;60,225;72,15;323,05;0;316800;528;7;1;1384,264;15,639;3369,007;8,298;None;None;None;None;None;None;-10921639;3369,007;3549;1302;4314;1391400;727,752;11,267;0,374;2,519
ID199605;199605;111;62,482;72,15;322,4;0;317400;529;7;1;1391,552;18,424;3376,119;8,571;None;None;None;None;None;None;-10921639;3376,119;3555;1264;4452;1394337;774,256;11,253;0,388;2,438
ID200049;200049;111;63,601;71,5;322,4;0;318000;530;7;1;1373,782;17,317;3338,499;9,15;None;None;None;None;None;None;-10921639;3338,499;3556;1056;4477;1378800;837,717;11,23;0,398;2,27
