Label;ID;TRACK_ID;QUALITY;POSITION_X;POSITION_Y;POSITION_Z;POSITION_T;FRAME;RADIUS;VISIBILITY;MEAN_INTENSITY01;MEAN_INTENSITY02;MEAN_INTENSITY03;MEAN_INTENSITY04;MEAN_INTENSITY05;MEAN_INTENSITY06;MEAN_INTENSITY07;MEAN_INTENSITY08;MEAN_INTENSITY09;MEAN_INTENSITY10;MANUAL_COLOR;MEAN_INTENSITY;MEDIAN_INTENSITY;MIN_INTENSITY;MAX_INTENSITY;TOTAL_INTENSITY;STANDARD_DEVIATION;ESTIMATED_DIAMETER;CONTRAST;SNR
ID866;866;48;48,251;18,2;399,75;0;0;0;7;1;14;916,225;2188,831;7,136;None;None;None;None;None;None;-10921639;2188,831;2294;1200;2565;903987;307,866;15,218;0,596;5,311
ID561;561;48;48,129;18,85;400,4;0;600;1;7;1;16,044;921,695;2194,85;8,15;None;None;None;None;None;None;-10921639;2194,85;2304;983;2519;906473;300,552;15,224;0,599;5,473
ID405;405;48;48,192;20,15;400,4;0;1200;2;7;1;16,879;944,305;2227,177;7,903;None;None;None;None;None;None;-10921639;2227,177;2322;1229;2515;919824;266,227;15,295;0,596;6,25
ID1167;1167;48;49,696;19,5;399,75;0;1800;3;7;1;17,479;981,443;2269,274;7,765;None;None;None;None;None;None;-10921639;2269,274;2350;1156;2659;937210;288,116;15,244;0,6;5,905
ID1324;1324;48;49,866;18,85;401,05;0;2400;4;7;1;17,508;959,688;2241,661;7,32;None;None;None;None;None;None;-10921639;2241,661;2340;1088;2608;925806;299,014;15,201;0,61;5,681
ID1017;1017;48;49,958;19,5;399,75;0;3000;5;7;1;19,409;985,939;2281,218;6,753;None;None;None;None;None;None;-10921639;2281,218;2367;1308;2606;942143;264,145;15,29;0,605;6,511
ID712;712;48;49,315;19,5;400,4;0;3600;6;7;1;18,855;954,881;2238,102;7,056;None;None;None;None;None;None;-10921639;2238,102;2341;1238;2609;924336;311,371;15,24;0,596;5,37
ID252;252;48;48,775;19,5;401,05;0;4200;7;7;1;19,855;961,654;2252,429;8,102;None;None;None;None;None;None;-10921639;2252,429;2350;1123;2588;930253;294,204;15,274;0,595;5,711
ID1957;1957;48;49,503;20,15;401,05;0;4800;8;7;1;26,235;961,344;2255,482;7,061;None;None;None;None;None;None;-10921639;2255,482;2376;1200;2603;931514;319,31;15,26;0,596;5,278
ID2110;2110;48;49,197;20,15;401,05;0;5400;9;7;1;24,981;961,816;2253,366;7,269;None;None;None;None;None;None;-10921639;2253,366;2365;969;2593;930640;324,544;15,259;0,595;5,183
ID1479;1479;48;49,388;20,8;400,4;0;6000;10;7;1;29,475;964,3;2256,719;8,671;None;None;None;None;None;None;-10921639;2256,719;2381;964;2625;932025;371,309;15,27;0,588;4,499
ID1801;1801;48;50,812;20,15;401,7;0;6600;11;7;1;31,361;953,007;2219,84;6,538;None;None;None;None;None;None;-10921639;2219,84;2463;675;2723;916794;513,185;11,359;0,596;3,23
ID1639;1639;48;52,682;20,8;402,35;0;7200;12;7;1;37,915;972,932;2236,203;8,223;None;None;None;None;None;None;-10921639;2236,203;2516;561;2761;923552;571,669;11,334;0,614;2,976
ID2424;2424;48;52,749;22,1;401,7;0;7800;13;7;1;42,303;975,772;2240,472;8,404;None;None;None;None;None;None;-10921639;2240,472;2518;561;2773;925315;589,285;11,331;0,611;2,885
ID2268;2268;48;51,929;22,1;401,05;0;8400;14;7;1;48,603;938,656;2202,649;7,383;None;None;None;None;None;None;-10921639;2202,649;2479;410;2771;909694;590,85;11,324;0,604;2,807
ID2583;2583;48;52,242;22,1;401,05;0;9000;15;7;1;56,167;964,09;2259,569;8,196;None;None;None;None;None;None;-10921639;2259,569;2502;551;2809;933202;525,848;11,366;0,606;3,244
ID2895;2895;48;51,397;22,1;401,7;0;9600;16;7;1;62,421;939,646;2237,4;9,041;None;None;None;None;None;None;-10921639;2237,4;2479;589;2757;924046;523,591;11,365;0,603;3,215
ID2738;2738;48;52,503;21,45;401,7;0;10200;17;7;1;69,232;941,312;2241,736;7,695;None;None;None;None;None;None;-10921639;2241,736;2505;612;2767;925837;556,195;11,341;0,608;3,047
ID3361;3361;48;53,014;22,1;401,05;0;10800;18;7;1;81,521;963,47;2278,971;9,167;None;None;None;None;None;None;-10921639;2278,971;2564;561;2799;941215;569,575;11,342;0,604;3,013
ID3051;3051;48;54,168;22,1;401,7;0;11400;19;7;1;93,14;975,533;2301,044;8,545;None;None;None;None;None;None;-10921639;2301,044;2591;575;2878;950331;589,404;11,336;0,612;2,963
ID3204;3204;48;54,18;22,1;401,7;0;12000;20;7;1;98,881;973,196;2300,337;7,341;None;None;None;None;None;None;-10921639;2300,337;2609;575;2875;950039;609,848;11,323;0,607;2,851
ID3672;3672;48;55,3;20,8;399,75;0;12600;21;7;1;109,206;972,271;2307,317;8,37;None;None;None;None;None;None;-10921639;2307,317;2614;505;2919;952922;624,613;11,315;0,616;2,816
ID3519;3519;48;53,981;21,45;400,4;0;13200;22;7;1;117,886;961,586;2305,995;7,712;None;None;None;None;None;None;-10921639;2305,995;2620;448;2890;952376;627,712;11,317;0,595;2,742
ID3826;3826;48;54,807;22,75;400,4;0;13800;23;7;1;134,385;979,799;2358,639;8,554;None;None;None;None;None;None;-10921639;2358,639;2634;655;2906;974118;564,972;11,352;0,608;3,158
ID4130;4130;48;55,526;21,45;401,05;0;14400;24;7;1;135,7;968,305;2336,719;7,748;None;None;None;None;None;None;-10921639;2336,719;2631;541;2946;965065;611,35;11,329;0,615;2,911
ID4278;4278;48;53,956;22,1;399,75;0;15000;25;7;1;145,719;949,523;2340,058;8,017;None;None;None;None;None;None;-10921639;2340,058;2596;585;2888;966444;559,657;11,353;0,598;3,128
ID4431;4431;48;54,381;22,75;399,1;0;15600;26;7;1;152,954;938,91;2323,511;9,002;None;None;None;None;None;None;-10921639;2323,511;2621;460;2893;959610;604,996;11,335;0,604;2,893
ID3975;3975;48;56,08;23,4;399,1;0;16200;27;7;1;168,54;964,627;2364,545;7,923;None;None;None;None;None;None;-10921639;2364,545;2671;472;2985;976557;633,654;11,323;0,61;2,827
ID4580;4580;48;54,668;23,4;399,75;0;16800;28;7;1;176,07;985,833;2415,927;8,487;None;None;None;None;None;None;-10921639;2415,927;2676;638;2897;997778;552,722;11,369;0,59;3,243
ID4735;4735;48;55,756;23,4;399,1;0;17400;29;7;1;187,441;986,855;2424,697;10,271;None;None;None;None;None;None;-10921639;2424,697;2704;642;2953;1001400;576,414;11,356;0,596;3,142
ID4895;4895;48;56,504;22,75;399,1;0;18000;30;7;1;199,264;977,605;2429,729;8,215;None;None;None;None;None;None;-10921639;2429,729;2697;594;2977;1003478;570,171;11,362;0,609;3,225
ID5052;5052;48;57,018;22,75;399,75;0;18600;31;7;1;211,274;1021,608;2494,525;8,775;None;None;None;None;None;None;-10921639;2494,525;2744;748;2996;1030239;551,174;11,375;0,599;3,392
ID5209;5209;48;54,192;24,05;398,45;0;19200;32;7;1;212,843;966,86;2451,128;8,472;None;None;None;None;None;None;-10921639;2451,128;2660;856;2907;1012316;475,501;15,281;0,58;3,786
ID5528;5528;48;54,884;24,05;397,8;0;19800;33;7;1;215,937;969,998;2455,736;9,438;None;None;None;None;None;None;-10921639;2455,736;2667;814;2921;1014219;497,234;11,384;0,587;3,654
ID5688;5688;48;55,168;24,7;397,8;0;20400;34;7;1;225,729;1003,712;2498,329;9,332;None;None;None;None;None;None;-10921639;2498,329;2721;741;2970;1031810;507,283;15,311;0,578;3,608
ID5366;5366;48;55,456;24,05;397,15;0;21000;35;7;1;242,245;1016,571;2534,659;8,959;None;None;None;None;None;None;-10921639;2534,659;2745;762;2975;1046814;483,906;15,359;0,573;3,817
ID6010;6010;48;54,362;24,05;397,8;0;21600;36;7;1;246,86;992,724;2522,276;9,3;None;None;None;None;None;None;-10921639;2522,276;2711;958;2938;1041700;449,459;15,367;0,565;4,051
ID5849;5849;48;53,958;24,05;397,8;0;22200;37;7;1;257,044;997,891;2546,029;9,38;None;None;None;None;None;None;-10921639;2546,029;2699;1027;2903;1051510;386,145;15,461;0,565;4,76
ID6171;6171;48;55,974;23,4;397,8;0;22800;38;7;1;265,668;1043,266;2595,879;9,823;None;None;None;None;None;None;-10921639;2595,879;2784;1013;2987;1072098;438,07;15,382;0,573;4,319
ID6331;6331;48;54,881;24,7;396,5;0;23400;39;7;1;275,041;1036,041;2605,114;11,281;None;None;None;None;None;None;-10921639;2605,114;2764;1144;2970;1075912;380,027;15,448;0,561;4,928
ID6648;6648;48;53,772;24,05;397,8;0;24000;40;7;1;283,554;1016,564;2598,332;9,881;None;None;None;None;None;None;-10921639;2598,332;2735;1186;2912;1073111;348,497;15,48;0,554;5,314
ID6487;6487;48;54,554;23,4;397,8;0;24600;41;7;1;292,777;1024,893;2610,174;10,344;None;None;None;None;None;None;-10921639;2610,174;2757;1048;2980;1078002;386,209;15,463;0,561;4,857
ID6958;6958;48;56,04;23,4;397,15;0;25200;42;7;1;305,429;1044,487;2642,567;9,259;None;None;None;None;None;None;-10921639;2642,567;2803;1068;2991;1091380;409,73;15,424;0,568;4,673
ID6806;6806;48;56,731;22,1;397,8;0;25800;43;7;1;309,818;1042,039;2640,148;9,215;None;None;None;None;None;None;-10921639;2640,148;2801;1098;3103;1090381;430,827;15,322;0,567;4,437
ID7119;7119;48;55,536;23,4;397,8;0;26400;44;7;1;321,676;1007,007;2616,431;9,215;None;None;None;None;None;None;-10921639;2616,431;2757;967;3044;1080586;424,772;15,415;0,565;4,448
ID7275;7275;48;55,389;24,05;397,15;0;27000;45;7;1;327,823;1012,358;2633,523;9,332;None;None;None;None;None;None;-10921639;2633,523;2780;1130;2999;1087645;390,95;15,427;0,562;4,846
ID7431;7431;48;57,089;24,7;397,15;0;27600;46;7;1;346,738;1050,6;2686,753;9,23;None;None;None;None;None;None;-10921639;2686,753;2867;1088;3060;1109629;423,58;15,409;0,569;4,598
ID7593;7593;48;56,585;24,05;397,15;0;28200;47;7;1;355,523;1037,734;2687,748;9,303;None;None;None;None;None;None;-10921639;2687,748;2829;1135;3027;1110040;387,584;15,431;0,565;5,01
ID8097;8097;48;56,574;23,4;398,45;0;28800;48;7;1;356,811;1031,012;2679,002;9,603;None;None;None;None;None;None;-10921639;2679,002;2840;1008;3063;1106428;410,1;15,418;0,565;4,718
ID7761;7761;48;58,378;23,4;398,45;0;29400;49;7;1;386,027;1060,663;2736,726;8,269;None;None;None;None;None;None;-10921639;2736,726;2894;1132;3108;1130268;405,288;15,385;0,575;4,929
ID8264;8264;48;59,931;23,4;397,8;0;30000;50;7;1;386,392;1065,608;2734,15;9,356;None;None;None;None;None;None;-10921639;2734,15;2927;1024;3152;1129204;461,631;15,286;0,587;4,384
ID7930;7930;48;60,57;23,4;398,45;0;30600;51;7;1;403,044;1072,029;2757,421;7,692;None;None;None;None;None;None;-10921639;2757,421;2934;1091;3184;1138815;454,226;15,302;0,594;4,525
ID8600;8600;48;60,346;22,75;398,45;0;31200;52;7;1;411,676;1078,293;2769,864;8,748;None;None;None;None;None;None;-10921639;2769,864;2960;1016;3192;1143954;465,986;15,38;0,586;4,39
ID8427;8427;48;61,498;21,45;398,45;0;31800;53;7;1;411,77;1072,736;2756,893;7,799;None;None;None;None;None;None;-10921639;2756,893;2947;1042;3283;1138597;526,423;15,255;0,595;3,906
ID8772;8772;48;58,99;22,1;397,8;0;32400;54;7;1;423,751;1063,966;2778,334;7,341;None;None;None;None;None;None;-10921639;2778,334;2908;1147;3164;1147452;381,71;15,422;0,573;5,304
ID8938;8938;48;61,412;22,75;397,8;0;33000;55;7;1;439,538;1090,835;2810,763;7,617;None;None;None;None;None;None;-10921639;2810,763;2966;1128;3258;1160845;451,866;15,344;0,587;4,601
ID9105;9105;48;61,446;22,1;398,45;0;33600;56;7;1;437,579;1058,228;2778,029;7,232;None;None;None;None;None;None;-10921639;2778,029;2945;1091;3257;1147326;451,735;15,286;0,597;4,598
ID9269;9269;48;61,69;22,75;398,45;0;34200;57;7;1;456,121;1074,758;2810,659;7,174;None;None;None;None;None;None;-10921639;2810,659;2994;1068;3248;1160802;451,325;15,374;0,594;4,639
ID9431;9431;48;60,537;22,1;397,8;0;34800;58;7;1;453,412;1023,969;2763,153;7,177;None;None;None;None;None;None;-10921639;2763,153;2946;1198;3192;1141182;435,865;15,306;0,591;4,71
ID9927;9927;48;61,488;22,75;399,1;0;35400;59;7;1;461,746;1050,387;2791,734;7,184;None;None;None;None;None;None;-10921639;2791,734;2979;1005;3248;1152986;454,152;15,318;0,595;4,585
ID9593;9593;48;61,138;22,1;399,1;0;36000;60;7;1;464,831;993,458;2739,082;7,886;None;None;None;None;None;None;-10921639;2739,082;2941;1066;3232;1131241;469,2;15,288;0,604;4,394
ID9759;9759;48;58,992;22,1;398,45;0;36600;61;7;1;448,262;976,753;2711,392;7,663;None;None;None;None;None;None;-10921639;2711,392;2892;967;3133;1119805;439,121;15,302;0,579;4,528
ID10094;10094;48;61,839;21,45;399,1;0;37200;62;7;1;472,327;1037,898;2786,758;7,581;None;None;None;None;None;None;-10921639;2786,758;2981;1042;3301;1150931;477,363;15,203;0,591;4,337
ID10257;10257;48;59,877;24,05;397,8;0;37800;63;7;1;478,622;1009,196;2775;7,462;None;None;None;None;None;None;-10921639;2775;2941;1115;3217;1146075;427,74;15,413;0,587;4,798
ID10422;10422;48;60;23,4;399,1;0;38400;64;7;1;465,971;923,245;2664,002;8,375;None;None;None;None;None;None;-10921639;2664,002;2857;903;3204;1100233;506,605;15,276;0,604;3,959
ID10592;10592;48;61,134;22,1;398,45;0;39000;65;7;1;480,891;978,131;2735,283;8,847;None;None;None;None;None;None;-10921639;2735,283;2907;1037;3258;1129672;487,783;15,201;0,599;4,203
ID10762;10762;48;56,993;22,75;397,8;0;39600;66;7;1;446,37;861,087;2583,075;8,889;None;None;None;None;None;None;-10921639;2583,075;2726;797;3114;1066810;488,356;15,296;0,585;3,903
ID10924;10924;48;40,472;22,1;399,75;0;40200;67;7;1;321,966;544,119;2109,852;8,341;None;None;None;None;None;None;-10921639;2109,852;2208;915;2460;871369;319,565;15,41;0,457;4,142
ID11087;11087;48;27,082;25,35;397,8;0;40800;68;7;1;168,775;312,792;1546,927;7,918;None;None;None;None;None;None;-10921639;1546,927;1590;423;2011;638881;333,288;11,285;0,352;2,419
ID11252;11252;48;22,289;29,9;394,55;0;41400;69;7;1;154,015;254,966;1441,571;10,288;None;None;None;None;None;None;-10921639;1441,571;1484;671;1655;595369;170,476;25,448;0,338;4,269
ID11419;11419;48;23,954;27,95;393,9;0;42000;70;7;1;160,102;255,351;1461,692;10,029;None;None;None;None;None;None;-10921639;1461,692;1480;1035;1660;603679;117,982;19,616;0,389;6,945
ID11582;11582;48;26,59;27,95;397,15;0;42600;71;7;1;160,186;260,881;1463,249;9,354;None;None;None;None;None;None;-10921639;1463,249;1469;1088;1757;604322;147,934;19,393;0,435;5,997
ID11746;11746;48;28,409;28,6;397,15;0;43200;72;7;1;175,547;275,039;1518,84;8,789;None;None;None;None;None;None;-10921639;1518,84;1520;1128;1804;627281;150,978;19,397;0,461;6,352
ID11913;11913;48;27,444;27,3;398,45;0;43800;73;7;1;165,516;268,3;1488,579;8,133;None;None;None;None;None;None;-10921639;1488,579;1494;1098;1766;614783;154,616;19,368;0,447;5,944
ID12078;12078;48;24,157;27,3;395,2;0;44400;74;7;1;138,768;214,889;1340,504;8,845;None;None;None;None;None;None;-10921639;1340,504;1355;992;1532;553628;110,101;19,235;0,454;7,601
ID12407;12407;48;25,465;26,65;393,9;0;45000;75;7;1;141,889;210,027;1335,63;8,063;None;None;None;None;None;None;-10921639;1335,63;1353;1029;1532;551615;123,36;19,024;0,484;7,066
ID12246;12246;48;24,683;26,65;395,2;0;45600;76;7;1;144,293;205,288;1330,458;8,729;None;None;None;None;None;None;-10921639;1330,458;1349;967;1543;549479;121,643;19,235;0,465;6,948
ID12573;12573;48;25,569;27,3;396,5;0;46200;77;7;1;154,579;222,443;1384,058;7,84;None;None;None;None;None;None;-10921639;1384,058;1391;989;1657;571616;136,927;19,25;0,452;6,291
ID12732;12732;48;23,727;27,3;391,3;0;46800;78;7;1;146,937;208,056;1342,659;7,547;None;None;None;None;None;None;-10921639;1342,659;1373;1120;1460;554518;79,134;19,253;0,454;10,603
ID12897;12897;48;23,648;26,65;391,95;0;47400;79;7;1;149,305;205,61;1341,864;8,368;None;None;None;None;None;None;-10921639;1341,864;1363;1058;1473;554190;86,781;19,266;0,45;9,592
ID13062;13062;48;24,26;27,3;393,25;0;48000;80;7;1;144,419;200,242;1321,191;8,419;None;None;None;None;None;None;-10921639;1321,191;1347;1008;1509;545652;106,127;19,088;0,464;7,891
ID13230;13230;48;23,526;27,3;391,95;0;48600;81;7;1;145,939;196,596;1318,344;8,605;None;None;None;None;None;None;-10921639;1318,344;1335;1032;1471;544476;92,388;19,194;0,454;8,906
ID13399;13399;48;22,344;26;392,6;0;49200;82;7;1;133,801;184,663;1266,206;9,584;None;None;None;None;None;None;-10921639;1266,206;1287;935;1456;522943;111,255;19,416;0,434;6,892
ID13569;13569;48;22,653;25,35;391,95;0;49800;83;7;1;134,223;181,438;1261,559;8,886;None;None;None;None;None;None;-10921639;1261,559;1296;912;1410;521024;109,615;19,245;0,447;7,113
ID13739;13739;48;21,959;26;391,95;0;50400;84;7;1;127,823;161,804;1205,223;9,012;None;None;None;None;None;None;-10921639;1205,223;1229;923;1383;497757;99,377;19,104;0,461;7,654
ID14076;14076;48;23,267;29,25;394,55;0;51000;85;7;1;132,663;168,329;1222,174;7,424;None;None;None;None;None;None;-10921639;1222,174;1227;875;1456;504758;127,96;19,114;0,476;6,158
ID13909;13909;48;22,42;29,25;393,25;0;51600;86;7;1;124,763;161,722;1193,814;8,981;None;None;None;None;None;None;-10921639;1193,814;1198;856;1414;493045;120,729;19,153;0,467;6,297
ID14243;14243;48;22,81;28,6;394,55;0;52200;87;7;1;134,467;173,649;1242,167;7,705;None;None;None;None;None;None;-10921639;1242,167;1247;926;1494;513015;123,889;19,039;0,455;6,274
ID14415;14415;48;22,558;29,25;393,9;0;52800;88;7;1;129,671;163,254;1205,061;9,312;None;None;None;None;None;None;-10921639;1205,061;1211;866;1424;497690;123,447;19,142;0,463;6,18
ID14584;14584;48;21,331;27,95;391,95;0;53400;89;7;1;120,375;151,988;1163,792;8,051;None;None;None;None;None;None;-10921639;1163,792;1179;780;1367;480646;118,476;19,202;0,454;6,133
ID15259;15259;48;20,862;26,65;391,95;0;54000;90;7;1;123,472;157,051;1185,031;7,799;None;None;None;None;None;None;-10921639;1185,031;1204;850;1365;489418;100,111;19,214;0,439;7,218
ID14752;14752;48;19,998;24,7;390;0;54600;91;7;1;118,976;147,724;1152,879;8,065;None;None;None;None;None;None;-10921639;1152,879;1175;929;1268;476139;77,146;19,416;0,445;9,2
ID15425;15425;48;20,072;25,35;389,35;0;55200;92;7;1;122,92;145,075;1154,264;8,465;None;None;None;None;None;None;-10921639;1154,264;1182;926;1272;476711;80,636;19,467;0,442;8,769
ID15086;15086;48;19,933;25,35;392,6;0;55800;93;7;1;119,69;142,041;1140,947;9,128;None;None;None;None;None;None;-10921639;1140,947;1165;844;1298;471211;87,832;19,26;0,445;8,003
ID14918;14918;48;21,295;28,6;393,25;0;56400;94;7;1;124,203;146,559;1156,097;8,119;None;None;None;None;None;None;-10921639;1156,097;1149;844;1397;477468;128,765;19,231;0,45;5,574
ID15590;15590;48;19,624;25,35;390,65;0;57000;95;7;1;118,155;139,38;1128,547;8,015;None;None;None;None;None;None;-10921639;1128,547;1151;837;1287;466090;84,378;19,103;0,447;8,267
ID15761;15761;48;19,434;25,35;391,95;0;57600;96;7;1;119,487;139,056;1133,554;8,186;None;None;None;None;None;None;-10921639;1133,554;1156;859;1302;468158;95,011;19,348;0,432;7,198
ID15925;15925;48;20,145;27,3;392,6;0;58200;97;7;1;115,642;132,651;1106,477;8,571;None;None;None;None;None;None;-10921639;1106,477;1118;801;1331;456975;115,716;19,259;0,447;5,912
ID16091;16091;48;21,572;26,65;394,55;0;58800;98;7;1;117,174;137,596;1122,262;7,404;None;None;None;None;None;None;-10921639;1122,262;1125;804;1397;463494;125,859;15,682;0,479;5,776
ID16412;16412;48;21,271;25,35;395,2;0;59400;99;7;1;126,32;141,663;1148,47;8,339;None;None;None;None;None;None;-10921639;1148,47;1158;759;1429;474318;143,615;19,344;0,443;4,91
ID16579;16579;48;24,373;26;398,45;0;60000;100;7;1;148,966;164,087;1252,559;6,884;None;None;None;None;None;None;-10921639;1252,559;1240;906;1520;517307;153,931;19,229;0,467;5,179
ID16741;16741;48;21,752;27,95;395,85;0;60600;101;7;1;129,552;141,414;1159,634;7,613;None;None;None;None;None;None;-10921639;1159,634;1144;856;1454;478929;129,53;19,143;0,452;5,576
ID16242;16242;48;18,808;26;392,6;0;61200;102;7;1;114,86;124,351;1087,46;7,705;None;None;None;None;None;None;-10921639;1087,46;1108;766;1255;449121;90,56;19,461;0,441;7,353
ID16898;16898;48;19,356;26,65;391,95;0;61800;103;7;1;114,797;129,225;1101,925;7,663;None;None;None;None;None;None;-10921639;1101,925;1120;850;1275;455095;87,723;19,239;0,44;7,678
ID17060;17060;48;19,614;25,35;395,85;0;62400;104;7;1;114,312;125,029;1086,579;8,034;None;None;None;None;None;None;-10921639;1086,579;1096;744;1277;448757;112,33;19,479;0,436;5,871
ID17218;17218;48;19,939;26,65;395,2;0;63000;105;7;1;116,404;131,283;1104,915;6,923;None;None;None;None;None;None;-10921639;1104,915;1120;776;1315;456330;105,509;19,314;0,441;6,406
ID17378;17378;48;21,118;27,95;397,15;0;63600;106;7;1;122,179;140,68;1142,298;6,944;None;None;None;None;None;None;-10921639;1142,298;1140;881;1367;471769;112,267;19,133;0,451;6,327
ID17537;17537;48;19,171;27,3;395,85;0;64200;107;7;1;109,387;126,84;1077,334;7,714;None;None;None;None;None;None;-10921639;1077,334;1091;831;1268;444939;96,165;19,317;0,434;6,779
ID17861;17861;48;19,23;27,3;393,9;0;64800;108;7;1;113,845;125,344;1084,455;7,392;None;None;None;None;None;None;-10921639;1084,455;1091;856;1302;447880;94,518;19,274;0,433;6,93
ID18026;18026;48;18,33;24,7;395,85;0;65400;109;7;1;108,542;120,792;1061,07;8,523;None;None;None;None;None;None;-10921639;1061,07;1066;804;1257;438222;101,307;19,509;0,41;6,092
ID17699;17699;48;19,446;26;393,25;0;66000;110;7;1;123,479;129,547;1121,479;8,37;None;None;None;None;None;None;-10921639;1121,479;1135;875;1319;463171;92,085;19,442;0,424;7,248
ID18189;18189;48;18,876;26;393,25;0;66600;111;7;1;108,419;123,007;1067,7;7,165;None;None;None;None;None;None;-10921639;1067,7;1093;817;1231;440960;92,366;19,325;0,437;7,034
ID18361;18361;48;19,076;24,05;394,55;0;67200;112;7;1;113,107;120,489;1071,426;8,264;None;None;None;None;None;None;-10921639;1071,426;1078;752;1275;442499;102,637;19,485;0,436;6,337
ID18530;18530;48;19,006;23,4;395,2;0;67800;113;7;1;109,208;120,438;1062,487;7,031;None;None;None;None;None;None;-10921639;1062,487;1073;814;1287;438807;116,326;19,31;0,422;5,425
ID18865;18865;48;22,349;26,65;400,4;0;68400;114;7;1;133,155;140,855;1165,959;7,16;None;None;None;None;None;None;-10921639;1165,959;1161;840;1422;481541;138,598;19,282;0,461;5,312
ID18699;18699;48;20,505;27,95;399,75;0;69000;115;7;1;123,494;130,995;1114,923;7,327;None;None;None;None;None;None;-10921639;1114,923;1118;856;1363;460463;121,841;19,283;0,436;5,56
ID19198;19198;48;19,645;26,65;399,1;0;69600;116;7;1;117,322;125,09;1090,634;6,676;None;None;None;None;None;None;-10921639;1090,634;1096;804;1312;450432;110,087;19,332;0,427;5,928
ID19034;19034;48;19,267;26,65;398,45;0;70200;117;7;1;110,513;115,312;1049,942;8,099;None;None;None;None;None;None;-10921639;1049,942;1048;804;1323;433626;116,501;19,274;0,431;5,432
ID19369;19369;48;20,411;28,6;399,1;0;70800;118;7;1;118,397;120,511;1080,717;7,271;None;None;None;None;None;None;-10921639;1080,717;1060;831;1371;446336;133,648;19,302;0,441;4,946
ID19534;19534;48;19,618;26;399,1;0;71400;119;7;1;109,726;115,087;1043,915;6,811;None;None;None;None;None;None;-10921639;1043,915;1042;744;1304;431137;129,92;19,301;0,436;4,878
ID19701;19701;48;19,429;26;397,15;0;72000;120;7;1;110,603;110,005;1035,571;7,46;None;None;None;None;None;None;-10921639;1035,571;1024;766;1281;427691;123,28;19,412;0,442;5,151
ID19874;19874;48;19,201;27,95;398,45;0;72600;121;7;1;112,731;115,516;1055,063;6,831;None;None;None;None;None;None;-10921639;1055,063;1053;748;1302;435741;116,112;19,394;0,43;5,462
ID20383;20383;48;19,859;27,3;399,75;0;73200;122;7;1;113,651;115,925;1056,574;7,228;None;None;None;None;None;None;-10921639;1056,574;1050;755;1319;436365;126,777;19,325;0,44;5,096
ID20041;20041;48;17,738;28,6;395,2;0;73800;123;7;1;98,847;101,864;985,995;8,065;None;None;None;None;None;None;-10921639;985,995;981;780;1198;407216;106,998;19,311;0,417;5,421
ID20553;20553;48;17,772;26,65;397,8;0;74400;124;7;1;95,845;102,324;974,232;8,068;None;None;None;None;None;None;-10921639;974,232;972;699;1209;402358;114,656;19,309;0,422;5,04
ID20215;20215;48;18,48;27,95;397,8;0;75000;125;7;1;103,075;105,603;1005,017;7,412;None;None;None;None;None;None;-10921639;1005,017;1003;722;1220;415072;111,651;19,189;0,432;5,43
ID20717;20717;48;17,117;26;396,5;0;75600;126;7;1;93,678;91,942;945,157;7,416;None;None;None;None;None;None;-10921639;945,157;944;655;1161;390350;108,899;19,482;0,42;5,134
ID20885;20885;48;16,324;26;396,5;0;76200;127;7;1;85,538;87,615;901,671;7,935;None;None;None;None;None;None;-10921639;901,671;906;561;1140;372390;110,325;19,394;0,416;4,804
ID21052;21052;48;15,88;24,7;393,25;0;76800;128;7;1;86,337;87,157;910,269;7,78;None;None;None;None;None;None;-10921639;910,269;926;667;1098;375941;97,444;19,377;0,407;5,4
ID21222;21222;48;16,307;21,45;392,6;0;77400;129;7;1;83,799;85,659;895,196;7,68;None;None;None;None;None;None;-10921639;895,196;897;647;1108;369716;104,504;19,208;0,425;5,106
ID21558;21558;48;16,417;23,4;388,7;0;78000;130;7;1;95,005;93,322;952,281;8,022;None;None;None;None;None;None;-10921639;952,281;958;667;1137;393292;101,469;19,693;0,395;5,318
ID21395;21395;48;15,947;25,35;391,95;0;78600;131;7;1;93,111;89,426;935,869;7,978;None;None;None;None;None;None;-10921639;935,869;950;737;1053;386514;78,265;19,455;0,411;6,963
ID21731;21731;48;16,631;27,95;394,55;0;79200;132;7;1;96,622;94,758;959,903;8,167;None;None;None;None;None;None;-10921639;959,903;967;737;1096;396440;89,074;19,474;0,409;6,261
ID21902;21902;48;15,886;26;395,85;0;79800;133;7;1;83,232;84,213;892,985;7,714;None;None;None;None;None;None;-10921639;892,985;891;651;1073;368803;100,574;19,441;0,409;5,157
ID22076;22076;48;14,848;23,4;393,9;0;80400;134;7;1;73,874;77,557;843,584;7,981;None;None;None;None;None;None;-10921639;843,584;859;608;1008;348400;92,374;19,374;0,419;5,391
ID22243;22243;48;15,944;22,1;390;0;81000;135;7;1;88,993;84,133;906,257;9,881;None;None;None;None;None;None;-10921639;906,257;921;616;1083;374284;97,38;19,482;0,412;5,435
ID22412;22412;48;16,3;22,1;389,35;0;81600;136;7;1;91,521;88,61;931,15;7,494;None;None;None;None;None;None;-10921639;931,15;938;642;1078;384565;89,656;19,297;0,417;6,117
ID22585;22585;48;17,015;20,8;386,75;0;82200;137;7;1;97,511;89,673;950,211;7,954;None;None;None;None;None;None;-10921639;950,211;955;671;1158;392437;105,177;19,285;0,417;5,318
ID22749;22749;48;15,938;24,05;388,7;0;82800;138;7;1;88,983;82,484;898,581;8,114;None;None;None;None;None;None;-10921639;898,581;909;642;1096;371114;101,712;19,668;0,411;5,146
ID23246;23246;48;16,42;29,9;394,55;0;83400;139;7;1;86,557;88,424;914,441;7,797;None;None;None;None;None;None;-10921639;914,441;915;695;1091;377664;101,673;19,293;0,418;5,299
ID22921;22921;48;16,829;29,9;394,55;0;84000;140;7;1;92,373;89,116;931,864;7,174;None;None;None;None;None;None;-10921639;931,864;935;703;1120;384860;103,434;19,437;0,424;5,366
ID23085;23085;48;14,868;27,95;391,95;0;84600;141;7;1;80,649;78,835;867,956;6,949;None;None;None;None;None;None;-10921639;867,956;881;634;1016;358466;86,605;19,385;0,401;5,741
ID23412;23412;48;14,493;24,7;395,85;0;85200;142;7;1;77,654;76,395;852,76;7,337;None;None;None;None;None;None;-10921639;852,76;847;638;1068;352190;95,993;19,596;0,38;4,89
ID23579;23579;48;14,827;24,05;395,85;0;85800;143;7;1;77,436;74,806;850,215;7,971;None;None;None;None;None;None;-10921639;850,215;856;647;1024;351139;95,53;19,436;0,4;5,087
ID23745;23745;48;14,538;26,65;391,95;0;86400;144;7;1;80,884;76,84;861,579;8,039;None;None;None;None;None;None;-10921639;861,579;872;634;1021;355832;83,894;19,385;0,393;5,794
ID23913;23913;48;14,662;24,7;391,3;0;87000;145;7;1;78,569;76,32;854,644;8,177;None;None;None;None;None;None;-10921639;854,644;869;671;964;352968;67,335;19,489;0,418;7,483
ID24247;24247;48;14,406;28,6;391,3;0;87600;146;7;1;78,717;73,567;850,276;8,058;None;None;None;None;None;None;-10921639;850,276;859;647;994;351164;77,393;19,239;0,401;6,285
ID24079;24079;48;14,474;26,65;392,6;0;88200;147;7;1;81,005;75,276;860,823;8,436;None;None;None;None;None;None;-10921639;860,823;859;625;1013;355520;81,552;19,359;0,39;5,928
ID24418;24418;48;13,802;26;391,95;0;88800;148;7;1;80,119;68,893;834,901;8,349;None;None;None;None;None;None;-10921639;834,901;837;638;978;344814;71,712;19,425;0,388;6,504
ID24590;24590;48;15,131;27,95;394,55;0;89400;149;7;1;82,794;73,23;851,86;7,465;None;None;None;None;None;None;-10921639;851,86;850;580;1058;351818;104,928;19,375;0,404;4,676
ID24764;24764;48;13,435;22,1;391,95;0;90000;150;7;1;72,385;65,818;800,213;8,029;None;None;None;None;None;None;-10921639;800,213;811;566;932;330488;79,498;19,286;0,389;5,64
ID24940;24940;48;13,635;23,4;395,85;0;90600;151;7;1;70,591;64,668;797,738;7,465;None;None;None;None;None;None;-10921639;797,738;804;585;958;329466;88,325;19,458;0,389;5,062
ID25107;25107;48;13,319;23,4;391,95;0;91200;152;7;1;67,68;60,966;768,462;7,368;None;None;None;None;None;None;-10921639;768,462;780;531;891;317375;75,46;19,331;0,414;5,963
ID25283;25283;48;12,911;26;393,9;0;91800;153;7;1;68,804;59,719;769,915;8,257;None;None;None;None;None;None;-10921639;769,915;780;575;932;317975;75,013;19,532;0,391;5,773
ID25449;25449;48;13,87;26;396,5;0;92400;154;7;1;71,017;60,015;776,344;7,867;None;None;None;None;None;None;-10921639;776,344;766;580;983;320630;98,426;19,433;0,401;4,518
ID25622;25622;48;14,855;24,7;399,75;0;93000;155;7;1;77,107;67,361;823,443;7,872;None;None;None;None;None;None;-10921639;823,443;817;589;1053;340082;105,5;19,289;0,409;4,534
ID25796;25796;48;12,736;26;395,85;0;93600;156;7;1;62,598;55,506;735,327;7,545;None;None;None;None;None;None;-10921639;735,327;733;541;941;303690;91,673;19,462;0,389;4,492
ID25964;25964;48;12,905;20,8;391,3;0;94200;157;7;1;66,269;57,518;750,78;7,613;None;None;None;None;None;None;-10921639;750,78;762;546;894;310072;84,669;19,318;0,395;5,02
ID26134;26134;48;13,445;20,15;388,05;0;94800;158;7;1;71,208;58,603;772,107;7,554;None;None;None;None;None;None;-10921639;772,107;762;603;958;318880;79,316;19,116;0,403;5,597
ID26307;26307;48;13,315;24,05;388,05;0;95400;159;7;1;70,76;58,211;766,77;9,438;None;None;None;None;None;None;-10921639;766,77;773;571;903;316676;81,827;19,555;0,403;5,38
ID26470;26470;48;13,661;25,35;385,45;0;96000;160;7;1;71,022;53,763;755,138;8,266;None;None;None;None;None;None;-10921639;755,138;755;589;932;311872;82,841;19,296;0,425;5,436
ID26636;26636;48;13,474;24,05;386,75;0;96600;161;7;1;73,056;54,586;766,01;8,053;None;None;None;None;None;None;-10921639;766,01;773;531;944;316362;83,6;19,291;0,409;5,316
ID26805;26805;48;13,366;29,9;388,05;0;97200;162;7;1;71,414;55,344;758,429;7,915;None;None;None;None;None;None;-10921639;758,429;759;571;918;313231;83,52;19,286;0,411;5,294
ID26977;26977;48;12,886;28,6;391,95;0;97800;163;7;1;67,978;51,133;736,143;7,971;None;None;None;None;None;None;-10921639;736,143;741;536;918;304027;84,724;19,36;0,4;4,963
ID27317;27317;48;11,908;25,35;395,2;0;98400;164;7;1;60,918;45,002;683,567;8,22;None;None;None;None;None;None;-10921639;683,567;687;454;853;282313;77,416;19,19;0,403;5,072
ID27147;27147;48;12,995;27,95;399,1;0;99000;165;7;1;65,792;50,436;723,339;8,409;None;None;None;None;None;None;-10921639;723,339;714;546;891;298739;84,585;19,198;0,41;4,97
ID27494;27494;48;14,195;31,2;400,4;0;99600;166;7;1;79,402;54,584;784,286;7,218;None;None;None;None;None;None;-10921639;784,286;773;580;989;323910;92,74;19,298;0,416;4,972
ID27664;27664;48;12,114;27,3;395,85;0;100200;167;7;1;63,961;44,625;695,598;8,714;None;None;None;None;None;None;-10921639;695,598;695;505;859;287282;80,997;19,342;0,394;4,857
ID27835;27835;48;12,287;29,9;398,45;0;100800;168;7;1;67,952;49,007;727,588;7,276;None;None;None;None;None;None;-10921639;727,588;722;546;872;300494;79,444;19,449;0,378;5,021
ID28008;28008;48;11,869;30,55;396,5;0;101400;169;7;1;65,47;45,15;708,6;7,453;None;None;None;None;None;None;-10921639;708,6;714;546;856;292652;69,469;19,389;0,384;5,659
ID28531;28531;48;13,484;31,85;399,75;0;102000;170;7;1;77,809;51,472;767,826;7,087;None;None;None;None;None;None;-10921639;767,826;769;556;921;317112;82,062;19,204;0,403;5,379
ID28185;28185;48;13,588;29,9;399,75;0;102600;171;7;1;81,324;51,852;789,988;6,886;None;None;None;None;None;None;-10921639;789,988;801;603;938;326265;77,948;19,253;0,403;5,82
ID28361;28361;48;12,778;31,2;399,75;0;103200;172;7;1;71,55;47,668;737,467;6,845;None;None;None;None;None;None;-10921639;737,467;741;556;869;304574;74,021;19,37;0,402;5,715
ID28709;28709;48;11,152;25,35;397,8;0;103800;173;7;1;55,213;39,262;639,271;7,487;None;None;None;None;None;None;-10921639;639,271;647;466;794;264019;73,388;19,109;0,398;4,959
ID28881;28881;48;10,911;24,05;390,65;0;104400;174;7;1;58,424;39,557;658,918;7,84;None;None;None;None;None;None;-10921639;658,918;663;477;807;272133;67,398;19,702;0,377;5,354
ID29056;29056;48;12,625;20,15;386,1;0;105000;175;7;1;69,811;47,465;731,85;8,591;None;None;None;None;None;None;-10921639;731,85;737;521;891;302254;79,248;19,424;0,399;5,269
ID29236;29236;48;12,283;23,4;384,15;0;105600;176;7;1;72,153;47,55;737,985;7,712;None;None;None;None;None;None;-10921639;737,985;744;580;844;304788;57,772;19,445;0,405;7,365
ID29413;29413;48;12,337;26;385,45;0;106200;177;7;1;67,077;45,162;716,412;7,525;None;None;None;None;None;None;-10921639;716,412;726;526;853;295878;72,533;19,294;0,411;5,751
ID29591;29591;48;12,514;26,65;382,85;0;106800;178;7;1;69,666;44,857;718,366;7,622;None;None;None;None;None;None;-10921639;718,366;722;541;847;296685;71,2;19,363;0,413;5,895
ID29929;29929;48;13,409;27,95;382,2;0;107400;179;7;1;72,753;46,002;741,068;8,702;None;None;None;None;None;None;-10921639;741,068;733;500;918;306061;94,807;18,991;0,412;4,561
ID29759;29759;48;12,771;29,25;383,5;0;108000;180;7;1;73,559;43,91;733,203;7,792;None;None;None;None;None;None;-10921639;733,203;733;521;903;302813;86,111;19,236;0,4;4,864
ID30102;30102;48;12,329;21,45;380,25;0;108600;181;7;1;68,768;41,501;705,557;7,755;None;None;None;None;None;None;-10921639;705,557;703;566;859;291395;67,209;19,159;0,414;6,147
ID30280;30280;48;12,299;20,15;381,55;0;109200;182;7;1;67,23;41,462;700,395;6,758;None;None;None;None;None;None;-10921639;700,395;714;483;817;289263;67,962;19,073;0,424;6,135
ID30462;30462;48;11,082;22,1;383,5;0;109800;183;7;1;63,027;39,472;671,232;7,794;None;None;None;None;None;None;-10921639;671,232;675;500;807;277219;63,852;19,449;0,383;5,82
ID30642;30642;48;11,45;24,05;388,05;0;110400;184;7;1;63,019;38,443;672,489;7,685;None;None;None;None;None;None;-10921639;672,489;683;505;804;277738;71,798;19,369;0,392;5,28
ID30824;30824;48;11,904;22,75;391,3;0;111000;185;7;1;62,564;36,54;665,881;8,939;None;None;None;None;None;None;-10921639;665,881;671;489;827;275009;79,553;19,023;0,411;4,878
ID31360;31360;48;13,01;13;388,7;0;111600;186;7;1;73,264;42,455;724,852;7,366;None;None;None;None;None;None;-10921639;724,852;711;531;891;299364;88,517;18,991;0,41;4,76
ID31002;31002;48;13,608;13;384,15;0;112200;187;7;1;75,087;43,046;731,569;7,753;None;None;None;None;None;None;-10921639;731,569;730;460;909;302138;102,563;19,097;0,424;4,244
ID31179;31179;48;11,18;16,9;383,5;0;112800;188;7;1;58,765;34,22;628,644;7,918;None;None;None;None;None;None;-10921639;628,644;634;423;797;259630;85,688;19,005;0,397;4,169
ID31537;31537;48;10,2;23,4;382,2;0;113400;189;7;1;55,228;29,811;602,794;6,937;None;None;None;None;None;None;-10921639;602,794;608;448;714;248954;61,471;18,989;0,392;5,525
ID31713;31713;48;10,418;27,3;388,05;0;114000;190;7;1;55,102;30,448;607,312;7,317;None;None;None;None;None;None;-10921639;607,312;616;410;730;250820;68,793;19,25;0,391;4,967
ID31885;31885;48;11,593;28,6;390,65;0;114600;191;7;1;57,884;29,312;607,639;8,433;None;None;None;None;None;None;-10921639;607,639;612;361;773;250955;86,914;15,546;0,441;4,277
ID32063;32063;48;10,533;26,65;388,05;0;115200;192;7;1;48,203;25,378;540,368;8,443;None;None;None;None;None;None;-10921639;540,368;531;285;741;223172;106,721;11,252;0,416;2,976
ID32238;32238;48;8,9;28,6;388,7;0;115800;193;7;1;39,361;18,981;462,729;7,661;None;None;None;None;None;None;-10921639;462,729;466;180;663;191107;119,335;11,163;0,367;2,081
ID32417;32417;48;10,476;26;393,25;0;116400;194;7;1;39,533;19,809;469,898;7,303;None;None;None;None;None;None;-10921639;469,898;460;195;730;194068;124,281;11,18;0,472;2,425
ID32594;32594;48;7,698;18,2;396,5;0;117000;195;7;1;34,978;15,906;406,985;7,53;None;None;None;None;None;None;-10921639;406,985;429;104;748;168085;170,262;8,365;0,292;1,08
ID32771;32771;48;9,052;24,05;400,4;0;117600;196;7;1;51,552;16,119;499,223;7,893;None;None;None;None;None;None;-10921639;499,223;483;73;967;206179;210,478;8,353;0,277;1,029
ID32950;32950;48;14,711;29,25;402,35;0;118200;197;7;1;73,569;19,094;516,138;6,6;None;None;None;None;None;None;-10921639;516,138;368;73;1509;213165;400,121;4,576;0,35;0,668
ID33133;33133;48;28,841;12,35;403,65;0;118800;198;7;1;375,877;50,666;1452,455;8,908;None;None;None;None;None;None;-10921639;1452,455;1500;546;2118;599864;303,168;11,387;0,492;3,161
ID33318;33318;48;32,984;11,7;402,35;0;119400;199;7;1;438,617;58,719;1575,545;9,104;None;None;None;None;None;None;-10921639;1575,545;1632;621;2286;650700;311,736;15,141;0,549;3,581
ID33506;33506;48;36,077;12,35;402,35;0;120000;200;7;1;485,324;58,477;1636,477;7,484;None;None;None;None;None;None;-10921639;1636,477;1730;472;2466;675865;381,478;11,375;0,576;3,137
ID33695;33695;48;36,255;11,05;403;0;120600;201;7;1;488,145;60,496;1644,37;8,598;None;None;None;None;None;None;-10921639;1644,37;1754;460;2541;679125;396,963;11,358;0,58;3,04
ID33882;33882;48;35,674;10,4;404,3;0;121200;202;7;1;462,828;59,199;1595,625;9,278;None;None;None;None;None;None;-10921639;1595,625;1696;442;2537;658993;428,767;11,293;0,557;2,664
ID34249;34249;48;33,653;9,1;403,65;0;121800;203;7;1;473,278;60,789;1613,84;10,506;None;None;None;None;None;None;-10921639;1613,84;1743;460;2496;666516;433,052;11,286;0,531;2,585
ID34069;34069;48;33,395;12,35;406,9;0;122400;204;7;1;458,019;59,274;1594,252;11,196;None;None;None;None;None;None;-10921639;1594,252;1705;466;2388;658426;390,521;11,322;0,494;2,7
ID34434;34434;48;35,21;12,35;406,25;0;123000;205;7;1;470,617;61,022;1621,082;10,315;None;None;None;None;None;None;-10921639;1621,082;1713;566;2256;669507;350,986;11,376;0,538;3,231
ID34625;34625;48;34,96;12,35;407,55;0;123600;206;7;1;454,533;59,831;1600,809;9,448;None;None;None;None;None;None;-10921639;1600,809;1692;683;2063;661134;312,736;11,37;0,536;3,574
ID34811;34811;48;34,987;12,35;407,55;0;124200;207;7;1;444,801;56,646;1578,252;10,269;None;None;None;None;None;None;-10921639;1578,252;1662;571;2040;651818;325,304;11,358;0,54;3,401
ID35000;35000;48;33,941;11,7;411,45;0;124800;208;7;1;419,964;55,368;1536,603;9,407;None;None;None;None;None;None;-10921639;1536,603;1620;585;1935;634617;302,171;11,353;0,54;3,565
ID35186;35186;48;30,573;11,05;414,7;0;125400;209;7;1;340,346;44,395;1377,138;10,789;None;None;None;None;None;None;-10921639;1377,138;1429;691;1812;568758;278,947;11,329;0,531;3,426
ID35368;35368;48;34,447;15,6;414,7;0;126000;210;7;1;426,603;55,925;1552,462;9,385;None;None;None;None;None;None;-10921639;1552,462;1627;755;2000;641167;296,26;11,35;0,533;3,642
ID35728;35728;48;34,864;16,25;414,05;0;126600;211;7;1;438,613;62,215;1585,758;10,068;None;None;None;None;None;None;-10921639;1585,758;1663;762;1991;654918;286,171;11,365;0,533;3,854
ID35547;35547;48;33,934;16,25;415,35;0;127200;212;7;1;420,213;59,385;1548,891;10,102;None;None;None;None;None;None;-10921639;1548,891;1634;647;1946;639692;287,119;11,355;0,529;3,732
ID35910;35910;48;33,654;16,25;414,05;0;127800;213;7;1;417,404;59,651;1543,354;10,758;None;None;None;None;None;None;-10921639;1543,354;1625;642;1938;637405;294,476;11,348;0,526;3,613
ID36093;36093;48;32,997;16,25;414,7;0;128400;214;7;1;407,722;57,685;1530,01;10,959;None;None;None;None;None;None;-10921639;1530,01;1588;863;1887;631894;253,725;11,385;0,525;4,152
ID36277;36277;48;31,957;16,25;415,35;0;129000;215;7;1;395,494;57,579;1507,397;10,143;None;None;None;None;None;None;-10921639;1507,397;1576;634;1849;622555;249,673;11,391;0,52;4,131
ID36467;36467;48;31,671;15,6;414,05;0;129600;216;7;1;379,789;53,603;1477,375;11,4;None;None;None;None;None;None;-10921639;1477,375;1550;642;1819;610156;228,142;11,399;0,544;4,564
ID36653;36653;48;31,64;18,2;413,4;0;130200;217;7;1;411,266;61,673;1546,741;10,891;None;None;None;None;None;None;-10921639;1546,741;1598;853;1901;638804;218,937;15,076;0,51;4,77
ID36839;36839;48;31,239;18,2;414,05;0;130800;218;7;1;409,973;58,814;1536,005;10,651;None;None;None;None;None;None;-10921639;1536,005;1591;714;1893;634370;224,484;15,067;0,506;4,601
ID37023;37023;48;30,205;18,2;414,7;0;131400;219;7;1;394,012;57,489;1510,671;11,324;None;None;None;None;None;None;-10921639;1510,671;1562;603;1815;623907;231,817;15,093;0,488;4,272
ID37211;37211;48;29,848;18,2;414,7;0;132000;220;7;1;394,063;56,39;1510,278;10,421;None;None;None;None;None;None;-10921639;1510,278;1555;856;1786;623745;191,062;15,148;0,49;5,197
ID37399;37399;48;29,317;18,2;415,35;0;132600;221;7;1;367,363;52,717;1455,61;10,806;None;None;None;None;None;None;-10921639;1455,61;1487;695;1754;601167;198,528;15,149;0,496;4,862
ID37585;37585;48;27,362;18,2;417,3;0;133200;222;7;1;336,852;50,646;1393,397;10,063;None;None;None;None;None;None;-10921639;1393,397;1412;737;1895;575473;209,41;11,38;0,467;4,235
ID37771;37771;48;28,517;19,5;416;0;133800;223;7;1;368,143;55,811;1461,685;11,821;None;None;None;None;None;None;-10921639;1461,685;1482;730;1853;603676;185,71;15,173;0,482;5,122
ID37961;37961;48;27,537;22,1;422,5;0;134400;224;7;1;342,082;52,358;1407,073;11,266;None;None;None;None;None;None;-10921639;1407,073;1445;594;1754;581121;200,582;11,431;0,473;4,503
ID38143;38143;48;29;18,2;412,1;0;135000;225;7;1;365,339;55,964;1461,7;10,775;None;None;None;None;None;None;-10921639;1461,7;1500;840;1772;603682;182,573;15,271;0,497;5,315
ID38330;38330;48;25,823;18,2;411,45;0;135600;226;7;1;329,644;52,971;1393,903;10,785;None;None;None;None;None;None;-10921639;1393,903;1410;947;1642;575682;148,847;15,471;0,458;5,881
ID38519;38519;48;23,346;20,15;412,75;0;136200;227;7;1;276,429;43,247;1268,058;10,496;None;None;None;None;None;None;-10921639;1268,058;1272;811;1583;523708;170,687;15,652;0,423;4,415
ID38890;38890;48;20,596;20,8;412,75;0;136800;228;7;1;269,242;47,523;1260,327;10,438;None;None;None;None;None;None;-10921639;1260,327;1268;603;1559;520515;164,833;19,308;0,396;4,34
ID38707;38707;48;17,024;23,4;417,3;0;137400;229;7;1;201,409;36,419;1070,823;9,094;None;None;None;None;None;None;-10921639;1070,823;1120;361;1397;442250;221,088;25,287;0,312;2,306
ID39083;39083;48;14,776;24,7;419,9;0;138000;230;7;1;150,995;29,542;916,007;8,901;None;None;None;None;None;None;-10921639;916,007;972;244;1251;378311;233,252;25,668;0,276;1,7
ID39268;39268;48;14,635;25,35;421,2;0;138600;231;7;1;151,322;23,508;908,547;8,847;None;None;None;None;None;None;-10921639;908,547;955;403;1106;375230;161,55;11,28;0,315;2,694
ID39456;39456;48;14,164;22,1;423,8;0;139200;232;7;1;138,174;21,634;871,879;7,806;None;None;None;None;None;None;-10921639;871,879;912;383;1063;360086;144,94;11,334;0,34;3,05
ID39644;39644;48;13,558;20,8;425,1;0;139800;233;7;1;129,293;24,249;849,104;8,697;None;None;None;None;None;None;-10921639;849,104;881;429;1016;350680;128,941;15,344;0,337;3,322
ID39832;39832;48;12,299;21,45;423,8;0;140400;234;7;1;115,031;21,685;795,685;8,516;None;None;None;None;None;None;-10921639;795,685;831;361;989;328618;132,456;11,344;0,315;2,879
ID40017;40017;48;11,254;20,15;425,1;0;141000;235;7;1;106,552;19,758;761,891;9,203;None;None;None;None;None;None;-10921639;761,891;783;454;947;314661;103,443;15,613;0,314;3,519
ID40404;40404;48;10,754;20,8;423,8;0;141600;236;7;1;107,477;18,966;763,291;8,293;None;None;None;None;None;None;-10921639;763,291;794;410;900;315239;103,043;15,387;0,287;3,304
ID40213;40213;48;10,96;21,45;424,45;0;142200;237;7;1;112,385;19,62;780,223;9,022;None;None;None;None;None;None;-10921639;780,223;801;417;938;322232;106,891;15,639;0,293;3,307
ID40598;40598;48;8,864;22,1;421,85;0;142800;238;7;1;94,448;18,291;714,056;10,588;None;None;None;None;None;None;-10921639;714,056;726;383;900;294905;92,986;15,468;0,255;3,12
ID40795;40795;48;8,44;22,75;425,1;0;143400;239;7;1;85,361;16,111;669,666;10,455;None;None;None;None;None;None;-10921639;669,666;691;337;881;276572;101,972;15,61;0,261;2,716
ID40989;40989;48;9,592;22,1;423,8;0;144000;240;7;1;98,692;19,063;729,324;9,983;None;None;None;None;None;None;-10921639;729,324;759;390;869;301211;99,535;15,65;0,266;3,079
ID41187;41187;48;10,207;24,7;426,4;0;144600;241;7;1;103,107;18,678;750,988;9,896;None;None;None;None;None;None;-10921639;750,988;776;448;897;310158;92,255;15,809;0,284;3,605
ID41954;41954;48;9,888;24,7;427,05;0;145200;242;7;1;104,269;19,126;749,225;10,349;None;None;None;None;None;None;-10921639;749,225;773;442;915;309430;95,301;15,671;0,274;3,379
ID41384;41384;48;9,31;22,75;426,4;0;145800;243;7;1;89,692;17,416;695,685;10,654;None;None;None;None;None;None;-10921639;695,685;722;403;850;287318;98,405;15,834;0,274;3,041
ID41573;41573;48;8,776;24,05;427,05;0;146400;244;7;1;89,337;18,235;693,656;13,441;None;None;None;None;None;None;-10921639;693,656;707;429;853;286480;88,6;15,725;0,265;3,284
ID41761;41761;48;7,903;31,2;424,45;0;147000;245;7;1;91,184;21,731;715,639;35,424;None;None;None;None;None;None;-10921639;715,639;722;442;840;295559;70,623;26,6;0,206;3,455
ID42144;42144;48;8,225;33,15;423,15;0;147600;246;7;1;99,637;24,593;760,613;42,361;None;None;None;None;None;None;-10921639;760,613;773;460;863;314133;65,727;15,328;0,201;3,87
ID42339;42339;48;8,917;40,3;426,4;0;148200;247;7;1;91,274;21,932;718,458;46,475;None;None;None;None;None;None;-10921639;718,458;744;454;840;296723;80,502;15,353;0,24;3,453
ID42527;42527;48;9,657;40,3;425,1;0;148800;248;7;1;86,167;24,22;708,257;49,726;None;None;None;None;None;None;-10921639;708,257;730;383;837;292510;86,787;11,305;0,269;3,457
ID42718;42718;48;8,67;38,35;426,4;0;149400;249;7;1;89,337;24,768;719,048;46,46;None;None;None;None;None;None;-10921639;719,048;752;417;840;296967;81,511;25,307;0,229;3,289
ID42913;42913;48;8,818;38,35;427,7;0;150000;250;7;1;86,45;25,169;708,637;47,731;None;None;None;None;None;None;-10921639;708,637;722;368;844;292667;83,333;25,356;0,235;3,235
ID43109;43109;48;8,58;38,35;425,75;0;150600;251;7;1;89,787;24,274;719,617;52,855;None;None;None;None;None;None;-10921639;719,617;741;448;856;297202;78,421;11,336;0,225;3,37
ID43502;43502;48;8,856;38,35;427,05;0;151200;252;7;1;89,061;25,308;716,738;54,494;None;None;None;None;None;None;-10921639;716,738;737;505;837;296013;71,972;15,419;0,237;3,813
ID43306;43306;48;8,454;35,75;427,05;0;151800;253;7;1;92,366;24,293;730,029;52,215;None;None;None;None;None;None;-10921639;730,029;737;526;856;301502;62,853;15,515;0,227;4,296
ID43894;43894;48;8,502;35,75;427,7;0;152400;254;7;1;92,632;25,695;730,453;54,472;None;None;None;None;None;None;-10921639;730,453;741;521;869;301677;70,548;15,28;0,224;3,79
ID43695;43695;48;8,701;37,7;427,7;0;153000;255;7;1;89,431;25,835;722,571;57,538;None;None;None;None;None;None;-10921639;722,571;733;472;844;298422;71,99;11,348;0,229;3,738
ID44091;44091;48;8,633;37,05;427,05;0;153600;256;7;1;84,332;24,341;705,044;57,833;None;None;None;None;None;None;-10921639;705,044;718;500;827;291183;64,475;15,437;0,24;4,234
ID44487;44487;48;8,772;38,35;426,4;0;154200;257;7;1;86,174;21,923;695,867;62,257;None;None;None;None;None;None;-10921639;695,867;714;403;834;287393;85,757;25,305;0,239;3,128
ID44290;44290;48;9,19;37,7;427,7;0;154800;258;7;1;91,14;22,852;717,38;62,24;None;None;None;None;None;None;-10921639;717,38;730;494;859;296278;75,536;15,295;0,246;3,756
ID44679;44679;48;8,735;37,7;426,4;0;155400;259;7;1;90,157;23,303;718,547;62,923;None;None;None;None;None;None;-10921639;718,547;733;454;844;296760;73,014;11,342;0,234;3,738
ID45072;45072;48;8,809;37,05;427,05;0;156000;260;7;1;92,237;23,126;721,85;60,322;None;None;None;None;None;None;-10921639;721,85;730;541;834;298124;59,83;15,468;0,243;4,718
ID44877;44877;48;9,993;39,65;426,4;0;156600;261;7;1;89,685;23,952;719,441;74,431;None;None;None;None;None;None;-10921639;719,441;733;489;850;297129;79,203;11,343;0,277;3,935
ID45267;45267;48;10,251;40,3;426,4;0;157200;262;7;1;90,605;26,37;725,697;78,208;None;None;None;None;None;None;-10921639;725,697;741;429;856;299713;81,526;25,265;0,283;3,926
ID45454;45454;48;9,138;44,2;418,6;0;157800;263;7;1;102,341;25,421;769,344;54,521;None;None;None;None;None;None;-10921639;769,344;787;531;912;317739;78,682;15,452;0,225;3,597
ID45648;45648;48;8,98;44,85;417,95;0;158400;264;7;1;103,821;26,942;777,295;51,356;None;None;None;None;None;None;-10921639;777,295;783;603;891;321023;60,483;19,256;0,226;4,737
ID45845;45845;48;9,344;46,15;414,7;0;159000;265;7;1;107,169;26,709;785,123;52,758;None;None;None;None;None;None;-10921639;785,123;801;566;944;324256;73,9;26,6;0,224;3,883
ID46038;46038;48;8,873;46,8;412,75;0;159600;266;7;1;107,557;25,487;783,138;43,811;None;None;None;None;None;None;-10921639;783,138;787;621;912;323436;59,765;19,087;0,224;4,803
ID46436;46436;48;8,935;44,2;419,9;0;160200;267;7;1;96,855;24,843;747,525;56,545;None;None;None;None;None;None;-10921639;747,525;755;551;859;308728;74,342;19,222;0,23;3,756
ID46236;46236;48;9,57;42,9;421,85;0;160800;268;7;1;89,84;23,189;713,806;64,93;None;None;None;None;None;None;-10921639;713,806;730;477;875;294802;90,133;15,442;0,253;3,2
ID46628;46628;48;8,777;44,2;419,25;0;161400;269;7;1;98,22;25,337;754,554;63,211;None;None;None;None;None;None;-10921639;754,554;759;536;884;311631;69,59;15,505;0,221;3,921
ID46829;46829;48;9,126;44,2;419,25;0;162000;270;7;1;99,797;25,569;760,976;60,591;None;None;None;None;None;None;-10921639;760,976;769;546;875;314283;68,502;19,099;0,232;4,187
ID47029;47029;48;9,582;44,2;419,9;0;162600;271;7;1;105,09;27,726;782,136;65,169;None;None;None;None;None;None;-10921639;782,136;790;566;918;323022;81,161;15,418;0,235;3,668
ID47231;47231;48;9,083;44,2;419,25;0;163200;272;7;1;100,31;25,663;761,3;62,801;None;None;None;None;None;None;-10921639;761,3;773;546;875;314417;67,117;15,503;0,231;4,258
ID47427;47427;48;9,33;43,55;420,55;0;163800;273;7;1;103,344;28,475;779,533;73,785;None;None;None;None;None;None;-10921639;779,533;794;526;900;321947;79,302;15,392;0,226;3,619
ID48024;48024;48;9,068;44,85;419,9;0;164400;274;7;1;99,157;27,625;758,213;63,058;None;None;None;None;None;None;-10921639;758,213;776;541;881;313142;76,941;15,455;0,232;3,709
ID47621;47621;48;8,935;44,85;419,25;0;165000;275;7;1;98,617;25,884;756,499;59,186;None;None;None;None;None;None;-10921639;756,499;766;551;869;312434;69,229;15,623;0,228;4,063
ID47820;47820;48;9,125;44,2;419,25;0;165600;276;7;1;99,47;25,402;755,736;72,092;None;None;None;None;None;None;-10921639;755,736;773;500;897;312119;82,968;15,42;0,224;3,333
ID48227;48227;48;9,051;44,2;419,9;0;166200;277;7;1;95,194;26,378;746,366;70,864;None;None;None;None;None;None;-10921639;746,366;755;536;878;308249;76,243;15,426;0,229;3,645
ID48426;48426;48;9,167;44,85;418,6;0;166800;278;7;1;102,005;27,308;770,857;67,114;None;None;None;None;None;None;-10921639;770,857;776;551;909;318364;73,853;19,257;0,227;3,859
ID48620;48620;48;8,782;44,2;417,3;0;167400;279;7;1;100,644;25,317;758,625;69,01;None;None;None;None;None;None;-10921639;758,625;759;516;887;313312;73,979;19,335;0,215;3,63
ID48818;48818;48;9,128;46,15;416;0;168000;280;7;1;105,402;28,814;788,3;66,973;None;None;None;None;None;None;-10921639;788,3;807;483;944;325568;77,624;15,288;0,22;3,669
ID49014;49014;48;9,113;46,8;414,05;0;168600;281;7;1;104,513;27,448;783,383;61,86;None;None;None;None;None;None;-10921639;783,383;794;531;950;323537;74,559;26,6;0,223;3,826
ID49608;49608;48;9,209;46,15;414,05;0;169200;282;7;1;102,748;26,768;768,891;75,131;None;None;None;None;None;None;-10921639;768,891;780;536;929;317552;79,283;26,6;0,221;3,513
ID49214;49214;48;8,29;48,75;414,05;0;169800;283;7;1;93,833;20,845;721,453;32,6;None;None;None;None;None;None;-10921639;721,453;726;556;856;297960;72,005;19,713;0,24;3,879
ID49411;49411;48;8,989;46,8;413,4;0;170400;284;7;1;101,431;27,479;771,615;69,462;None;None;None;None;None;None;-10921639;771,615;783;541;944;318677;74,158;15,465;0,222;3,776
ID49807;49807;48;9,225;46,8;413,4;0;171000;285;7;1;100,431;30,462;781,278;78,077;None;None;None;None;None;None;-10921639;781,278;790;566;955;322668;75,152;15,197;0,225;3,813
ID50002;50002;48;9,408;46,8;414,05;0;171600;286;7;1;100,816;28,157;768,969;74,053;None;None;None;None;None;None;-10921639;768,969;783;505;944;317584;85,725;15,286;0,23;3,353
ID50200;50200;48;9,852;47,45;410,8;0;172200;287;7;1;102,847;27,886;774,855;62,257;None;None;None;None;None;None;-10921639;774,855;780;589;897;320015;69,241;15,822;0,263;4,664
ID50396;50396;48;9,588;46,8;409,5;0;172800;288;7;1;107,748;28,777;793,862;65,886;None;None;None;None;None;None;-10921639;793,862;804;625;923;327865;65,254;15,717;0,247;4,824
ID50594;50594;48;9,349;46,8;412,1;0;173400;289;7;1;102,62;28,145;774,092;81,065;None;None;None;None;None;None;-10921639;774,092;783;541;912;319700;80,065;15,466;0,226;3,558
ID51000;51000;48;9,891;46,15;416;0;174000;290;7;1;99,315;29,349;773,487;91,584;None;None;None;None;None;None;-10921639;773,487;780;510;958;319450;94,01;26,6;0,236;3,144
ID50798;50798;48;10,065;47,45;412,1;0;174600;291;7;1;101,034;27,506;768,54;95,661;None;None;None;None;None;None;-10921639;768,54;783;489;932;317407;92,745;15,272;0,245;3,265
ID51202;51202;48;9,711;46,8;414,05;0;175200;292;7;1;100,738;28,673;770,37;89,308;None;None;None;None;None;None;-10921639;770,37;787;483;944;318163;90,733;11,37;0,236;3,238
ID51406;51406;48;9,73;47,45;413,4;0;175800;293;7;1;99,516;29,317;765,785;93,409;None;None;None;None;None;None;-10921639;765,785;787;460;929;316269;94,792;15,248;0,236;3,09
ID51604;51604;48;9,685;46,15;416,65;0;176400;294;7;1;99,496;31,358;775,107;100,746;None;None;None;None;None;None;-10921639;775,107;783;536;944;320119;81,289;11,402;0,239;3,68
ID51805;51805;48;9,836;46,8;413,4;0;177000;295;7;1;100,295;30,741;771,746;101,68;None;None;None;None;None;None;-10921639;771,746;787;516;926;318731;86,456;15,114;0,241;3,462
ID52005;52005;48;9,225;46,8;412,75;0;177600;296;7;1;99,554;29,182;770,022;89,465;None;None;None;None;None;None;-10921639;770,022;780;546;903;318019;71,313;15,467;0,228;4,016
ID52204;52204;48;9,494;46,8;414,05;0;178200;297;7;1;96,925;30,317;760,109;95,496;None;None;None;None;None;None;-10921639;760,109;776;460;915;313925;89,134;15,192;0,235;3,247
ID52402;52402;48;9,719;46,8;414,7;0;178800;298;7;1;96,554;29,218;761,39;102,031;None;None;None;None;None;None;-10921639;761,39;780;521;926;314454;87,199;11,386;0,242;3,401
ID52804;52804;48;9,63;46,8;413,4;0;179400;299;7;1;102,569;30,402;781,605;95,717;None;None;None;None;None;None;-10921639;781,605;794;536;950;322803;79,621;15,213;0,233;3,709
ID52600;52600;48;9,599;46,8;413,4;0;180000;300;7;1;97,082;28,228;760,266;107,542;None;None;None;None;None;None;-10921639;760,266;776;510;923;313990;88,199;11,344;0,238;3,313
ID53213;53213;48;9,747;46,8;412,75;0;180600;301;7;1;100,613;28,988;772,697;110,14;None;None;None;None;None;None;-10921639;772,697;783;505;950;319124;84,33;15,149;0,241;3,559
ID53006;53006;48;9,265;46,15;411,45;0;181200;302;7;1;99,637;29,419;774,567;99,576;None;None;None;None;None;None;-10921639;774,567;790;546;932;319896;81,128;15,418;0,228;3,545
ID53417;53417;48;9,661;46,8;410,8;0;181800;303;7;1;101,295;27,937;765,765;95,973;None;None;None;None;None;None;-10921639;765,765;773;531;909;316261;78,525;15,403;0,247;3,869
ID53621;53621;48;9,257;46,8;410,8;0;182400;304;7;1;95,199;28,821;751,787;88,988;None;None;None;None;None;None;-10921639;751,787;762;536;884;310488;75,383;15,492;0,237;3,824
ID53825;53825;48;9,579;46,15;410,8;0;183000;305;7;1;101,31;28,903;774,421;110,3;None;None;None;None;None;None;-10921639;774,421;783;536;947;319836;80,885;11,373;0,235;3,642
ID54024;54024;48;9,372;46,8;410,8;0;183600;306;7;1;101,019;27,768;771,705;95,787;None;None;None;None;None;None;-10921639;771,705;776;589;915;318714;75,353;15,513;0,236;3,911
ID54439;54439;48;9,295;46,8;410,15;0;184200;307;7;1;93,128;27,063;738,005;96,598;None;None;None;None;None;None;-10921639;738,005;741;536;881;304796;78,576;15,598;0,245;3,697
ID54234;54234;48;9,263;46,15;410,8;0;184800;308;7;1;94,477;29,891;752,075;118,174;None;None;None;None;None;None;-10921639;752,075;762;541;909;310607;77,353;15,209;0,231;3,655
ID54639;54639;48;9,268;46,15;411,45;0;185400;309;7;1;98,143;29,211;755,809;116,138;None;None;None;None;None;None;-10921639;755,809;762;561;906;312149;79,114;11,375;0,231;3,591
ID54845;54845;48;9,378;46,15;412,1;0;186000;310;7;1;94,663;29,584;750,47;113,973;None;None;None;None;None;None;-10921639;750,47;766;500;906;309944;85,161;11,341;0,233;3,335
ID55049;55049;48;9,86;46,15;410,8;0;186600;311;7;1;93,932;27,513;736,712;116,249;None;None;None;None;None;None;-10921639;736,712;755;442;887;304262;98,245;15,316;0,252;3,016
ID55253;55253;48;9,877;46,15;408,2;0;187200;312;7;1;91,225;28,031;730,462;129,38;None;None;None;None;None;None;-10921639;730,462;748;494;891;301681;97,61;11,343;0,254;3,034
ID55460;55460;48;10,369;46,15;409,5;0;187800;313;7;1;90,138;28,133;728,666;126,288;None;None;None;None;None;None;-10921639;728,666;744;436;887;300939;103,181;15,171;0,271;3,013
ID55667;55667;48;9,922;46,15;408,85;0;188400;314;7;1;88,128;27,228;720,138;128,833;None;None;None;None;None;None;-10921639;720,138;730;477;894;297417;93,447;15,261;0,261;3,186
ID56076;56076;48;10,146;46,15;408,2;0;189000;315;7;1;90,801;26,758;724,45;132,288;None;None;None;None;None;None;-10921639;724,45;737;483;878;299198;87,339;15,328;0,274;3,568
ID55892;55892;48;10,358;46,15;412,1;0;189600;316;7;1;91,218;29,298;736,189;134,024;None;None;None;None;None;None;-10921639;736,189;752;494;884;304046;93,749;15,326;0,271;3,349
ID56285;56285;48;10,164;45,5;412,1;0;190200;317;7;1;87,925;30,378;728,714;147,496;None;None;None;None;None;None;-10921639;728,714;748;460;915;300959;103,63;11,315;0,257;2,874
ID56485;56485;48;9,999;46,8;412,1;0;190800;318;7;1;83,518;26,76;703,349;142,632;None;None;None;None;None;None;-10921639;703,349;726;345;881;290483;115,463;11,275;0,262;2,53
ID56691;56691;48;10,455;46,15;409,5;0;191400;319;7;1;94,62;29,138;749,414;146,007;None;None;None;None;None;None;-10921639;749,414;759;510;941;309508;100,172;15,182;0,264;3,122
ID56898;56898;48;10,036;46,15;409,5;0;192000;320;7;1;89,08;27,981;723,959;142,54;None;None;None;None;None;None;-10921639;723,959;733;472;881;298995;91,671;15,241;0,267;3,332
ID57110;57110;48;10,508;46,15;409,5;0;192600;321;7;1;88,714;26,446;719,177;145,051;None;None;None;None;None;None;-10921639;719,177;733;417;903;297020;107,075;11,303;0,278;2,925
ID57316;57316;48;10,354;46,15;410,8;0;193200;322;7;1;89,746;28,107;726,952;144,545;None;None;None;None;None;None;-10921639;726,952;741;436;887;300231;100,817;15,237;0,272;3,083
ID57739;57739;48;10,401;46,15;410,8;0;193800;323;7;1;90,76;27,63;726,274;148,964;None;None;None;None;None;None;-10921639;726,274;744;466;906;299951;107,012;15,306;0,271;2,892
ID57523;57523;48;10,145;45,5;410,15;0;194400;324;7;1;87,99;29,869;725,252;162,099;None;None;None;None;None;None;-10921639;725,252;741;489;881;299529;93,204;11,368;0,268;3,293
ID57955;57955;48;10,235;45,5;410,15;0;195000;325;7;1;89,542;30,128;733,138;161,91;None;None;None;None;None;None;-10921639;733,138;748;448;915;302786;101,074;15,164;0,264;3,027
ID58161;58161;48;10,067;46,15;410,15;0;195600;326;7;1;87,441;26,811;710,627;161,126;None;None;None;None;None;None;-10921639;710,627;730;410;903;293489;111,585;11,292;0,261;2,635
ID58370;58370;48;10,602;45,5;409,5;0;196200;327;7;1;91,242;30,094;737,383;175,448;None;None;None;None;None;None;-10921639;737,383;752;472;915;304539;105,425;11,336;0,272;2,989
ID58574;58574;48;10,171;46,15;410,8;0;196800;328;7;1;89,099;27,874;722,935;161,939;None;None;None;None;None;None;-10921639;722,935;737;460;897;298572;97,099;11,369;0,269;3,158
ID58779;58779;48;10,334;46,15;410,15;0;197400;329;7;1;89,189;29,061;723,121;161,845;None;None;None;None;None;None;-10921639;723,121;726;483;887;298649;96,535;15,203;0,271;3,191
ID59420;59420;48;10,411;46,15;410,8;0;198000;330;7;1;92,668;29,988;739,487;162;None;None;None;None;None;None;-10921639;739,487;752;466;903;305408;99,973;15,213;0,269;3,135
ID58992;58992;48;10,21;45,5;410,8;0;198600;331;7;1;88,148;29,395;723,649;192,487;None;None;None;None;None;None;-10921639;723,649;737;460;891;298867;102,815;11,31;0,261;2,911
ID59210;59210;48;10,451;46,15;409,5;0;199200;332;7;1;90,818;29,692;733,775;175,496;None;None;None;None;None;None;-10921639;733,775;744;442;906;303049;103,63;15,21;0,273;3,04
ID59631;59631;48;10,41;45,5;411,45;0;199800;333;7;1;87,533;30,484;729,857;189,772;None;None;None;None;None;None;-10921639;729,857;733;454;903;301431;105,003;15,191;0,265;2,916
ID59839;59839;48;10,332;45,5;410,8;0;200400;334;7;1;88,755;31,203;731,155;192,453;None;None;None;None;None;None;-10921639;731,155;752;448;909;301967;107,781;11,301;0,264;2,834
ID60049;60049;48;10,941;46,15;409,5;0;201000;335;7;1;89,61;30,24;726,777;184,136;None;None;None;None;None;None;-10921639;726,777;730;442;921;300159;112,731;15,201;0,286;2,869
ID60259;60259;48;10,493;45,5;410,8;0;201600;336;7;1;89,092;30,603;731,564;201,625;None;None;None;None;None;None;-10921639;731,564;755;448;909;302136;109,14;11,288;0,269;2,844
ID60477;60477;48;10,475;45,5;410,8;0;202200;337;7;1;83,862;30,513;709,332;199,286;None;None;None;None;None;None;-10921639;709,332;714;397;909;292954;114,484;11,266;0,271;2,639
ID60685;60685;48;10,452;45,5;409,5;0;202800;338;7;1;90,01;31,249;739,465;182,492;None;None;None;None;None;None;-10921639;739,465;744;472;923;305399;103,451;11,312;0,266;3,006
ID60895;60895;48;10,718;45,5;410,8;0;203400;339;7;1;89,438;31,775;734,538;196,985;None;None;None;None;None;None;-10921639;734,538;733;454;941;303364;111,988;11,288;0,274;2,819
ID61109;61109;48;10,04;46,15;410,8;0;204000;340;7;1;80,881;28,416;691,569;169,37;None;None;None;None;None;None;-10921639;691,569;703;337;894;285618;118,543;11,267;0,266;2,455
ID61539;61539;48;10,386;45,5;410,15;0;204600;341;7;1;82,554;29,988;706,034;206,341;None;None;None;None;None;None;-10921639;706,034;711;390;918;291592;115,215;11,255;0,27;2,605
ID61323;61323;48;10,762;45,5;409,5;0;205200;342;7;1;88,039;29,295;723,988;214,852;None;None;None;None;None;None;-10921639;723,988;726;417;947;299007;117,613;11,244;0,273;2,639
ID61755;61755;48;10,7;45,5;410,15;0;205800;343;7;1;85,019;30,385;718,223;208,973;None;None;None;None;None;None;-10921639;718,223;714;410;915;296626;118,555;11,246;0,271;2,587
ID61978;61978;48;10,57;45,5;410,15;0;206400;344;7;1;85,068;29,615;711,191;180,835;None;None;None;None;None;None;-10921639;711,191;718;368;897;293722;112,267;11,296;0,279;2,763
ID62195;62195;48;12,206;46,15;414,7;0;207000;345;7;1;87,458;30,676;722,133;270,506;None;None;None;None;None;None;-10921639;722,133;741;454;912;298241;110,217;11,327;0,353;3,417
ID62630;62630;48;11,885;45,5;415,35;0;207600;346;7;1;83,392;30,429;707,242;242,884;None;None;None;None;None;None;-10921639;707,242;726;361;897;292091;125,883;11,263;0,333;2,806
ID62845;62845;48;11,85;46,15;414,7;0;208200;347;7;1;84,915;31,525;721,092;242,061;None;None;None;None;None;None;-10921639;721,092;730;466;894;297811;105,528;11,331;0,335;3,429
ID62408;62408;48;11,951;46,8;414,05;0;208800;348;7;1;82,332;33,002;706,787;247,242;None;None;None;None;None;None;-10921639;706,787;718;417;912;291903;119,352;11,296;0,338;2,994
ID63058;63058;48;12,05;46,15;414,7;0;209400;349;7;1;83,007;32,407;713,252;242,392;None;None;None;None;None;None;-10921639;713,252;730;410;909;294573;123,629;11,266;0,334;2,89
ID63276;63276;48;12,092;46,8;414,05;0;210000;350;7;1;81,274;30,722;704,576;252,554;None;None;None;None;None;None;-10921639;704,576;718;436;894;290990;120,707;11,278;0,345;2,996
ID63495;63495;48;12,121;46,15;414,7;0;210600;351;7;1;83,688;32,574;714,7;265,46;None;None;None;None;None;None;-10921639;714,7;737;383;894;295171;123,855;11,274;0,34;2,931
ID63710;63710;48;11,468;46,15;415,35;0;211200;352;7;1;77,925;29,678;684,855;253,63;None;None;None;None;None;None;-10921639;684,855;703;353;869;282845;121,046;11,284;0,335;2,841
ID63925;63925;48;11,745;46,8;414,7;0;211800;353;7;1;79,613;31,15;695,654;251,596;None;None;None;None;None;None;-10921639;695,654;718;390;897;287305;122,363;11,297;0,339;2,881
ID64136;64136;48;11,453;46,15;415,35;0;212400;354;7;1;80,525;30,818;694,516;262,634;None;None;None;None;None;None;-10921639;694,516;722;345;863;286835;124,913;11,284;0,332;2,774
ID64348;64348;48;12,074;47,45;416,65;0;213000;355;7;1;80,262;28,339;690,01;270,438;None;None;None;None;None;None;-10921639;690,01;703;390;869;284974;114,715;11,304;0,356;3,16
ID64563;64563;48;12,302;46,8;418,6;0;213600;356;7;1;81,852;32,632;710,354;263,186;None;None;None;None;None;None;-10921639;710,354;714;423;923;293376;123,852;11,287;0,347;2,954
ID64776;64776;48;12,572;48,1;417,3;0;214200;357;7;1;83,785;32,496;715,092;275,496;None;None;None;None;None;None;-10921639;715,092;726;390;929;295333;123,252;11,314;0,362;3,084
ID64998;64998;48;13,122;46,15;430,95;0;214800;358;7;1;78,501;31,337;689,845;223,046;None;None;None;None;None;None;-10921639;689,845;695;390;929;284906;131,519;11,27;0,402;3,007
ID65212;65212;48;12,781;44,2;429;0;215400;359;7;1;82,576;32,412;712,237;278,061;None;None;None;None;None;None;-10921639;712,237;703;397;932;294154;123,331;11,301;0,37;3,117
ID65424;65424;48;12,956;47,45;429;0;216000;360;7;1;83,794;30,748;712,431;278,424;None;None;None;None;None;None;-10921639;712,431;707;383;950;294234;131,288;11,289;0,376;2,968
ID65635;65635;48;13,058;48,1;427,7;0;216600;361;7;1;85,567;33,262;719,114;275,886;None;None;None;None;None;None;-10921639;719,114;722;345;938;296994;135,755;11,234;0,368;2,848
ID65849;65849;48;12,588;45,5;430,95;0;217200;362;7;1;79,458;31,973;698,814;315,019;None;None;None;None;None;None;-10921639;698,814;722;383;909;288610;110,227;11,333;0,39;3,556
ID66057;66057;48;12,66;43,55;429;0;217800;363;7;1;81,38;33,317;706,412;310,448;None;None;None;None;None;None;-10921639;706,412;730;376;923;291748;118,281;11,358;0,377;3,271
ID66273;66273;48;12,624;44,2;431,6;0;218400;364;7;1;79,683;30,622;688,811;317,714;None;None;None;None;None;None;-10921639;688,811;718;368;897;284479;119,186;11,351;0,399;3,294
ID66484;66484;48;12,319;43,55;432,25;0;219000;365;7;1;78,903;29,073;684,462;308,864;None;None;None;None;None;None;-10921639;684,462;711;353;915;282683;117,773;11,325;0,383;3,219
ID66691;66691;48;12,519;35,75;425,75;0;219600;366;7;1;80,14;29,862;698,397;290,053;None;None;None;None;None;None;-10921639;698,397;726;397;891;288438;121;11,271;0,379;3,171
ID67112;67112;48;13,315;42,25;428,35;0;220200;367;7;1;84,312;31,879;708,048;284,935;None;None;None;None;None;None;-10921639;708,048;714;376;958;292424;136,72;11,288;0,39;2,907
